<?xml version="1.0" encoding="utf-8"?>
<COLLADA xmlns="http://www.collada.org/2005/11/COLLADASchema" version="1.4.1">
  <asset><contributor><author>Mixamo</author><authoring_tool>COLLADA Mixamo exporter</authoring_tool><comments></comments></contributor><created>2020-06-19T18:34:46Z</created><modified>2020-06-19T18:34:46Z</modified><revision></revision><title></title><unit meter="0.010000"/><up_axis>Y_UP</up_axis></asset>
  <library_animations>
    <animation id="Hips-anim" name="Hips"><source id="Hips-Matrix-animation-input"><float_array id="Hips-Matrix-animation-input-array" count="31">

0.000000 0.033333 0.066667 0.100000 0.133333 0.166667 0.200000 0.233333 0.266667 0.300000 0.333333 0.366667 0.400000 0.433333 0.466667 0.500000
0.533333 0.566667 0.600000 0.633333 0.666667 0.700000 0.733333 0.766667 0.800000 0.833333 0.866667 0.900000 0.933333 0.966667 1.000000</float_array><technique_common><accessor source="#Hips-Matrix-animation-input-array" count="31"><param name="TIME" type="float"/></accessor></technique_common></source><source id="Hips-Matrix-animation-output-transform"><float_array id="Hips-Matrix-animation-output-transform-array" count="496">

0.993972 -0.058143 0.092945 3.761830 -0.108819 -0.420114 0.900923 50.715340 -0.013336 -0.905607 -0.423908 2.504216 0.000000 0.000000 0.000000 1.000000
0.986617 -0.100905 -0.128082 6.884246 0.069405 -0.450918 0.889863 52.356319 -0.147546 -0.886843 -0.437880 1.360466 0.000000 0.000000 0.000000 1.000000
0.935019 -0.130577 -0.329680 7.845771 0.244606 -0.435603 0.866267 51.747169 -0.256724 -0.890617 -0.375357 -1.101229 0.000000 0.000000 0.000000 1.000000
0.850000 -0.174707 -0.496969 8.418202 0.416679 -0.354224 0.837200 49.582069 -0.322303 -0.918696 -0.228293 -3.138141 0.000000 0.000000 0.000000 1.000000
0.750168 -0.252312 -0.611217 10.393455 0.574566 -0.208798 0.791377 47.206341 -0.327295 -0.944850 -0.011664 -6.164490 0.000000 0.000000 0.000000 1.000000
0.659432 -0.370818 -0.653944 13.137042 0.697954 -0.021193 0.715829 47.001995 -0.279301 -0.928464 0.244839 -8.692983 0.000000 0.000000 0.000000 1.000000
0.603992 -0.505252 -0.616372 16.484093 0.774507 0.189699 0.603451 48.127232 -0.187970 -0.841864 0.505898 -14.109169 0.000000 0.000000 0.000000 1.000000
0.596449 -0.624484 -0.504250 18.853294 0.797987 0.393736 0.456276 50.465038 -0.086396 -0.674531 0.733174 -20.323414 0.000000 0.000000 0.000000 1.000000
0.611795 -0.705572 -0.357595 20.465178 0.790869 0.554320 0.259336 51.371178 0.015242 -0.441472 0.897146 -26.607597 0.000000 0.000000 0.000000 1.000000
0.652345 -0.729680 -0.204971 20.917217 0.747605 0.663957 0.015713 50.590370 0.124627 -0.163488 0.978642 -34.141376 0.000000 0.000000 0.000000 1.000000
0.716235 -0.695903 -0.052215 18.866863 0.664355 0.702842 -0.254255 50.144077 0.213635 0.147417 0.965727 -42.674534 0.000000 0.000000 0.000000 1.000000
0.800148 -0.595211 0.074073 14.369631 0.541677 0.664043 -0.515396 52.335186 0.257581 0.452517 0.853745 -48.328072 0.000000 0.000000 0.000000 1.000000
0.886559 -0.447507 0.117260 9.160216 0.385618 0.574842 -0.721703 54.850597 0.255561 0.685050 0.682198 -50.685841 0.000000 0.000000 0.000000 1.000000
0.961207 -0.272154 0.044872 4.282263 0.177735 0.486715 -0.855289 56.304596 0.210931 0.830085 0.516205 -50.019615 0.000000 0.000000 0.000000 1.000000
0.987696 -0.092651 -0.125986 3.259578 -0.078887 0.400423 -0.912928 58.897507 0.135032 0.911634 0.388187 -48.287766 0.000000 0.000000 0.000000 1.000000
0.939122 0.070496 -0.336275 2.910905 -0.340683 0.317987 -0.884771 58.074554 0.044558 0.945471 0.322645 -49.318146 0.000000 0.000000 0.000000 1.000000
0.821560 0.225363 -0.523690 2.351075 -0.569131 0.270053 -0.776634 56.832489 -0.033601 0.936100 0.350126 -51.068909 0.000000 0.000000 0.000000 1.000000
0.661603 0.385237 -0.643330 1.613161 -0.746907 0.262566 -0.610892 54.439556 -0.066422 0.884676 0.461451 -51.773384 0.000000 0.000000 0.000000 1.000000
0.472495 0.547372 -0.690748 -1.884473 -0.880212 0.253557 -0.401167 50.148296 -0.044443 0.797554 0.601608 -50.202869 0.000000 0.000000 0.000000 1.000000
0.252899 0.705683 -0.661856 -5.885337 -0.967043 0.205223 -0.150700 45.849968 0.029482 0.678156 0.734327 -45.122303 0.000000 0.000000 0.000000 1.000000
0.091179 0.848401 -0.521443 -8.832260 -0.980707 0.167421 0.100913 42.739822 0.172915 0.502182 0.847298 -37.190334 0.000000 0.000000 0.000000 1.000000
0.091105 0.947453 -0.306648 -12.670888 -0.932491 0.189239 0.307650 41.866093 0.349513 0.257918 0.900732 -27.325052 0.000000 0.000000 0.000000 1.000000
0.128368 0.985603 -0.110037 -13.491464 -0.862527 0.165716 0.478107 39.206005 0.489458 0.033536 0.871382 -18.135864 0.000000 0.000000 0.000000 1.000000
0.192592 0.980504 0.038988 -13.497938 -0.799435 0.133738 0.585677 40.328255 0.569045 -0.143965 0.809606 -10.939947 0.000000 0.000000 0.000000 1.000000
0.275985 0.932915 0.231304 -11.513683 -0.740623 0.053024 0.669826 41.965988 0.612626 -0.356171 0.705572 -7.757522 0.000000 0.000000 0.000000 1.000000
0.389349 0.834703 0.389460 -9.686684 -0.670865 -0.032746 0.740856 43.435013 0.631148 -0.549727 0.547223 -4.977550 0.000000 0.000000 0.000000 1.000000
0.551028 0.706083 0.444763 -8.517555 -0.573901 -0.066277 0.816238 45.868233 0.605810 -0.705020 0.368701 -2.763528 0.000000 0.000000 0.000000 1.000000
0.705139 0.558278 0.437156 -6.731254 -0.456770 -0.113921 0.882260 48.976254 0.542348 -0.821795 0.174674 0.086472 0.000000 0.000000 0.000000 1.000000
0.839857 0.372781 0.394556 -5.022997 -0.337868 -0.209885 0.917493 50.584846 0.424835 -0.903871 -0.050323 0.970520 0.000000 0.000000 0.000000 1.000000
0.946207 0.153477 0.284847 -0.828959 -0.222716 -0.329670 0.917450 50.575920 0.234713 -0.931538 -0.277755 2.529843 0.000000 0.000000 0.000000 1.000000
0.993972 -0.058143 0.092944 3.761819 -0.108819 -0.420114 0.900924 50.715359 -0.013336 -0.905607 -0.423908 2.504229 0.000000 0.000000 0.000000 1.000000</float_array><technique_common><accessor source="#Hips-Matrix-animation-output-transform-array" count="31" stride="16"><param type="float4x4"/></accessor></technique_common></source><source id="Hips-Interpolations"><Name_array id="Hips-Interpolations-array" count="31">
 LINEAR LINEAR LINEAR LINEAR LINEAR LINEAR LINEAR LINEAR LINEAR LINEAR LINEAR
LINEAR LINEAR LINEAR LINEAR LINEAR LINEAR LINEAR LINEAR LINEAR LINEAR LINEAR LINEAR
LINEAR LINEAR LINEAR LINEAR LINEAR LINEAR LINEAR LINEAR</Name_array><technique_common><accessor source="#Hips-Interpolations-array" count="31"><param type="name"/></accessor></technique_common></source><sampler id="Hips-Matrix-animation-transform"><input semantic="INPUT" source="#Hips-Matrix-animation-input"/><input semantic="OUTPUT" source="#Hips-Matrix-animation-output-transform"/><input semantic="INTERPOLATION" source="#Hips-Interpolations"/></sampler><channel source="#Hips-Matrix-animation-transform" target="Hips/matrix"/></animation>
    <animation id="Spine-anim" name="Spine"><source id="Spine-Matrix-animation-input"><float_array id="Spine-Matrix-animation-input-array" count="31">

0.000000 0.033333 0.066667 0.100000 0.133333 0.166667 0.200000 0.233333 0.266667 0.300000 0.333333 0.366667 0.400000 0.433333 0.466667 0.500000
0.533333 0.566667 0.600000 0.633333 0.666667 0.700000 0.733333 0.766667 0.800000 0.833333 0.866667 0.900000 0.933333 0.966667 1.000000</float_array><technique_common><accessor source="#Spine-Matrix-animation-input-array" count="31"><param name="TIME" type="float"/></accessor></technique_common></source><source id="Spine-Matrix-animation-output-transform"><float_array id="Spine-Matrix-animation-output-transform-array" count="496">

0.989493 0.031689 -0.141065 -0.000000 -0.132637 0.587263 -0.798454 13.784800 0.057540 0.808776 0.585296 0.064400 0.000000 0.000000 0.000000 1.000000
0.986044 0.128350 -0.106038 -0.000000 -0.158411 0.527336 -0.834759 13.784800 -0.051224 0.839906 0.540308 0.064400 0.000000 0.000000 0.000000 1.000000
0.981566 0.176458 -0.073425 0.000000 -0.151716 0.485741 -0.860835 13.784800 -0.116235 0.856106 0.503558 0.064400 0.000000 0.000000 0.000000 1.000000
0.981057 0.183982 -0.060646 0.000000 -0.143101 0.477268 -0.867028 13.784800 -0.130573 0.859283 0.494555 0.064400 0.000000 0.000000 0.000000 1.000000
0.983452 0.167516 -0.069004 -0.000000 -0.145446 0.502922 -0.852006 13.784800 -0.108021 0.847943 0.518964 0.064400 0.000000 0.000000 0.000000 1.000000
0.986070 0.140031 -0.089762 -0.000000 -0.152772 0.549076 -0.821691 13.784800 -0.065776 0.823958 0.562820 0.064400 0.000000 0.000000 0.000000 1.000000
0.990683 0.090233 -0.102005 0.000000 -0.135812 0.599030 -0.789125 13.784800 -0.010100 0.795626 0.605704 0.064400 0.000000 0.000000 0.000000 1.000000
0.993170 0.008832 -0.116339 0.000000 -0.095718 0.631849 -0.769158 13.784800 0.066716 0.775041 0.628379 0.064400 0.000000 0.000000 0.000000 1.000000
0.987910 -0.065335 -0.140590 0.000000 -0.067444 0.635425 -0.769212 13.784800 0.139591 0.769394 0.623336 0.064400 0.000000 0.000000 0.000000 1.000000
0.981147 -0.107988 -0.160280 -0.000000 -0.058767 0.623358 -0.779725 13.784800 0.184113 0.774444 0.605259 0.064400 0.000000 0.000000 0.000000 1.000000
0.979376 -0.111465 -0.168520 -0.000000 -0.063672 0.621298 -0.780983 13.784800 0.191753 0.775606 0.601387 0.064400 0.000000 0.000000 0.000000 1.000000
0.983900 -0.092554 -0.152885 -0.000000 -0.061423 0.628219 -0.775608 13.784800 0.167831 0.772512 0.612420 0.064400 0.000000 0.000000 0.000000 1.000000
0.989196 -0.060958 -0.133328 0.000000 -0.066436 0.624312 -0.778345 13.784800 0.130684 0.778793 0.613517 0.064400 0.000000 0.000000 0.000000 1.000000
0.994133 -0.031482 -0.103480 0.000000 -0.062662 0.612166 -0.788242 13.784800 0.088162 0.790102 0.606602 0.064400 0.000000 0.000000 0.000000 1.000000
0.999271 0.002626 -0.038099 0.000000 -0.031389 0.624756 -0.780189 13.784800 0.021754 0.780816 0.624382 0.064400 0.000000 0.000000 0.000000 1.000000
0.997571 0.040728 0.056510 0.000000 0.014974 0.666903 -0.744994 13.784800 -0.068029 0.744030 0.664673 0.064400 0.000000 0.000000 0.000000 1.000000
0.987459 0.062039 0.145176 -0.000000 0.060850 0.698949 -0.712578 13.784800 -0.145679 0.712475 0.686408 0.064400 0.000000 0.000000 0.000000 1.000000
0.980900 0.052015 0.187427 0.000000 0.099389 0.694267 -0.712822 13.784800 -0.167202 0.717835 0.675837 0.064400 0.000000 0.000000 0.000000 1.000000
0.983602 0.031474 0.177585 -0.000000 0.111918 0.665614 -0.737857 13.784800 -0.141426 0.745633 0.651176 0.064400 0.000000 0.000000 0.000000 1.000000
0.988067 0.027378 0.151570 -0.000000 0.098430 0.644667 -0.758100 13.784800 -0.118467 0.763973 0.634280 0.064400 0.000000 0.000000 0.000000 1.000000
0.991016 0.032389 0.129763 -0.000000 0.078201 0.646771 -0.758665 13.784800 -0.108500 0.761996 0.638427 0.064400 0.000000 0.000000 0.000000 1.000000
0.995617 0.019353 0.091499 0.000000 0.055550 0.664700 -0.745042 13.784800 -0.075238 0.746860 0.660712 0.064400 0.000000 0.000000 0.000000 1.000000
0.998792 -0.016679 0.046230 -0.000000 0.045122 0.684018 -0.728068 13.784800 -0.019479 0.729274 0.683944 0.064400 0.000000 0.000000 0.000000 1.000000
0.997697 -0.061275 -0.029081 -0.000000 0.021502 0.692379 -0.721214 13.784800 0.064328 0.718927 0.692102 0.064400 0.000000 0.000000 0.000000 1.000000
0.992067 -0.093599 -0.083921 0.000000 0.003307 0.686770 -0.726867 13.784800 0.125669 0.720823 0.681631 0.064400 0.000000 0.000000 0.000000 1.000000
0.988798 -0.110857 -0.099951 0.000000 0.000893 0.674008 -0.738723 13.784800 0.149260 0.730358 0.666557 0.064400 0.000000 0.000000 0.000000 1.000000
0.987318 -0.121039 -0.102730 0.000000 0.003468 0.663375 -0.748279 13.784800 0.158720 0.738433 0.655382 0.064400 0.000000 0.000000 0.000000 1.000000
0.984907 -0.123492 -0.121280 0.000000 -0.011013 0.654560 -0.755930 13.784800 0.172736 0.745856 0.643320 0.064400 0.000000 0.000000 0.000000 1.000000
0.982232 -0.103381 -0.156627 0.000000 -0.054738 0.640486 -0.766017 13.784800 0.179509 0.760980 0.623447 0.064400 0.000000 0.000000 0.000000 1.000000
0.983963 -0.052555 -0.170454 0.000000 -0.102240 0.616876 -0.780392 13.784800 0.146163 0.785304 0.601610 0.064400 0.000000 0.000000 0.000000 1.000000
0.989493 0.031689 -0.141065 0.000000 -0.132637 0.587263 -0.798454 13.784800 0.057540 0.808775 0.585296 0.064400 0.000000 0.000000 0.000000 1.000000</float_array><technique_common><accessor source="#Spine-Matrix-animation-output-transform-array" count="31" stride="16"><param type="float4x4"/></accessor></technique_common></source><source id="Spine-Interpolations"><Name_array id="Spine-Interpolations-array" count="31">
 LINEAR LINEAR LINEAR LINEAR LINEAR LINEAR LINEAR LINEAR LINEAR LINEAR LINEAR
LINEAR LINEAR LINEAR LINEAR LINEAR LINEAR LINEAR LINEAR LINEAR LINEAR LINEAR LINEAR
LINEAR LINEAR LINEAR LINEAR LINEAR LINEAR LINEAR LINEAR</Name_array><technique_common><accessor source="#Spine-Interpolations-array" count="31"><param type="name"/></accessor></technique_common></source><sampler id="Spine-Matrix-animation-transform"><input semantic="INPUT" source="#Spine-Matrix-animation-input"/><input semantic="OUTPUT" source="#Spine-Matrix-animation-output-transform"/><input semantic="INTERPOLATION" source="#Spine-Interpolations"/></sampler><channel source="#Spine-Matrix-animation-transform" target="Spine/matrix"/></animation>
    <animation id="Spine1-anim" name="Spine1"><source id="Spine1-Matrix-animation-input"><float_array id="Spine1-Matrix-animation-input-array" count="31">

0.000000 0.033333 0.066667 0.100000 0.133333 0.166667 0.200000 0.233333 0.266667 0.300000 0.333333 0.366667 0.400000 0.433333 0.466667 0.500000
0.533333 0.566667 0.600000 0.633333 0.666667 0.700000 0.733333 0.766667 0.800000 0.833333 0.866667 0.900000 0.933333 0.966667 1.000000</float_array><technique_common><accessor source="#Spine1-Matrix-animation-input-array" count="31"><param name="TIME" type="float"/></accessor></technique_common></source><source id="Spine1-Matrix-animation-output-transform"><float_array id="Spine1-Matrix-animation-output-transform-array" count="496">

0.997733 -0.050630 -0.044325 0.000000 0.038028 0.967672 -0.249329 12.037900 0.055515 0.247078 0.967404 0.404700 0.000000 0.000000 0.000000 1.000000
0.999003 -0.040780 -0.018187 0.000000 0.035190 0.969763 -0.241497 12.037900 0.027485 0.240616 0.970231 0.404700 0.000000 0.000000 0.000000 1.000000
0.999518 -0.030349 0.006488 0.000000 0.031030 0.973621 -0.226054 12.037900 0.000544 0.226146 0.974093 0.404700 0.000000 0.000000 0.000000 1.000000
0.999363 -0.025510 0.024954 -0.000000 0.030118 0.978009 -0.206377 12.037900 -0.019140 0.206997 0.978154 0.404700 0.000000 0.000000 0.000000 1.000000
0.998907 -0.032095 0.033973 0.000000 0.038049 0.980584 -0.192375 12.037900 -0.027139 0.193457 0.980733 0.404700 0.000000 0.000000 0.000000 1.000000
0.998102 -0.050142 0.035740 0.000000 0.056103 0.979744 -0.192236 12.037900 -0.025377 0.193876 0.980698 0.404700 0.000000 0.000000 0.000000 1.000000
0.996701 -0.073092 0.035279 0.000000 0.078780 0.975789 -0.204032 12.037900 -0.019512 0.206138 0.978328 0.404700 0.000000 0.000000 0.000000 1.000000
0.995262 -0.090875 0.034570 -0.000000 0.096276 0.970750 -0.219942 12.037900 -0.013572 0.222229 0.974900 0.404700 0.000000 0.000000 0.000000 1.000000
0.994933 -0.095291 0.032072 0.000000 0.100175 0.966802 -0.235072 12.037900 -0.008607 0.237094 0.971449 0.404700 0.000000 0.000000 0.000000 1.000000
0.995903 -0.086336 0.026914 -0.000000 0.090312 0.964916 -0.246538 12.037900 -0.004685 0.247959 0.968759 0.404700 0.000000 0.000000 0.000000 1.000000
0.997199 -0.072070 0.019998 -0.000000 0.074778 0.965966 -0.247624 12.037900 -0.001472 0.248426 0.968650 0.404700 0.000000 0.000000 0.000000 1.000000
0.998126 -0.060237 0.010768 0.000000 0.061096 0.971214 -0.230242 12.037900 0.003411 0.230468 0.973074 0.404700 0.000000 0.000000 0.000000 1.000000
0.998596 -0.052916 -0.002412 0.000000 0.051421 0.979308 -0.195734 12.037900 0.012719 0.195335 0.980654 0.404700 0.000000 0.000000 0.000000 1.000000
0.998657 -0.049448 -0.015454 0.000000 0.046329 0.985907 -0.160749 12.037900 0.023185 0.159817 0.986874 0.404700 0.000000 0.000000 0.000000 1.000000
0.998737 -0.046838 -0.018195 0.000000 0.043747 0.988653 -0.143706 12.037900 0.024719 0.142728 0.989453 0.404700 0.000000 0.000000 0.000000 1.000000
0.999364 -0.034864 -0.007462 0.000000 0.033427 0.989003 -0.144067 12.037900 0.012403 0.143726 0.989540 0.404700 0.000000 0.000000 0.000000 1.000000
0.999987 -0.001302 0.004840 -0.000000 0.002001 0.989077 -0.147389 12.037900 -0.004595 0.147397 0.989067 0.404700 0.000000 0.000000 0.000000 1.000000
0.998661 0.051560 0.004207 0.000000 -0.050385 0.987884 -0.146788 12.037900 -0.011725 0.146380 0.989159 0.404700 0.000000 0.000000 0.000000 1.000000
0.994541 0.103880 -0.009820 0.000000 -0.104204 0.983944 -0.144902 12.037900 -0.005390 0.145134 0.989397 0.404700 0.000000 0.000000 0.000000 1.000000
0.990206 0.137117 -0.026270 0.000000 -0.139478 0.979813 -0.143219 12.037900 0.006102 0.145481 0.989342 0.404700 0.000000 0.000000 0.000000 1.000000
0.988129 0.148776 -0.038295 0.000000 -0.152733 0.978211 -0.140625 12.037900 0.016539 0.144805 0.989322 0.404700 0.000000 0.000000 0.000000 1.000000
0.988097 0.145945 -0.048622 0.000000 -0.151402 0.978592 -0.139410 12.037900 0.027235 0.145112 0.989040 0.404700 0.000000 0.000000 0.000000 1.000000
0.989216 0.132815 -0.061744 0.000000 -0.140545 0.979408 -0.144937 12.037900 0.041223 0.152052 0.987512 0.404700 0.000000 0.000000 0.000000 1.000000
0.991092 0.109336 -0.076044 0.000000 -0.120329 0.979847 -0.159440 12.037900 0.057079 0.167170 0.984274 0.404700 0.000000 0.000000 0.000000 1.000000
0.993454 0.077146 -0.084246 -0.000000 -0.091339 0.979367 -0.180268 12.037900 0.068601 0.186783 0.980003 0.404700 0.000000 0.000000 0.000000 1.000000
0.995801 0.040975 -0.081858 0.000000 -0.056841 0.977725 -0.202047 12.037900 0.071756 0.205852 0.975949 0.404700 0.000000 0.000000 0.000000 1.000000
0.997195 0.005521 -0.074640 0.000000 -0.021859 0.975278 -0.219899 12.037900 0.071580 0.220914 0.972663 0.404700 0.000000 0.000000 0.000000 1.000000
0.997083 -0.024802 -0.072177 0.000000 0.007338 0.972495 -0.232810 12.037900 0.075966 0.231601 0.969840 0.404700 0.000000 0.000000 0.000000 1.000000
0.996306 -0.044795 -0.073271 -0.000000 0.025790 0.969868 -0.242261 12.037900 0.081916 0.239477 0.967440 0.404700 0.000000 0.000000 0.000000 1.000000
0.996411 -0.052280 -0.066568 0.000000 0.034216 0.968111 -0.248174 12.037900 0.077420 0.245006 0.966426 0.404700 0.000000 0.000000 0.000000 1.000000
0.997733 -0.050630 -0.044325 0.000000 0.038028 0.967672 -0.249329 12.037900 0.055515 0.247078 0.967404 0.404700 0.000000 0.000000 0.000000 1.000000</float_array><technique_common><accessor source="#Spine1-Matrix-animation-output-transform-array" count="31" stride="16"><param type="float4x4"/></accessor></technique_common></source><source id="Spine1-Interpolations"><Name_array id="Spine1-Interpolations-array" count="31">
 LINEAR LINEAR LINEAR LINEAR LINEAR LINEAR LINEAR LINEAR LINEAR LINEAR LINEAR
LINEAR LINEAR LINEAR LINEAR LINEAR LINEAR LINEAR LINEAR LINEAR LINEAR LINEAR LINEAR
LINEAR LINEAR LINEAR LINEAR LINEAR LINEAR LINEAR LINEAR</Name_array><technique_common><accessor source="#Spine1-Interpolations-array" count="31"><param type="name"/></accessor></technique_common></source><sampler id="Spine1-Matrix-animation-transform"><input semantic="INPUT" source="#Spine1-Matrix-animation-input"/><input semantic="OUTPUT" source="#Spine1-Matrix-animation-output-transform"/><input semantic="INTERPOLATION" source="#Spine1-Interpolations"/></sampler><channel source="#Spine1-Matrix-animation-transform" target="Spine1/matrix"/></animation>
    <animation id="Spine2-anim" name="Spine2"><source id="Spine2-Matrix-animation-input"><float_array id="Spine2-Matrix-animation-input-array" count="31">

0.000000 0.033333 0.066667 0.100000 0.133333 0.166667 0.200000 0.233333 0.266667 0.300000 0.333333 0.366667 0.400000 0.433333 0.466667 0.500000
0.533333 0.566667 0.600000 0.633333 0.666667 0.700000 0.733333 0.766667 0.800000 0.833333 0.866667 0.900000 0.933333 0.966667 1.000000</float_array><technique_common><accessor source="#Spine2-Matrix-animation-input-array" count="31"><param name="TIME" type="float"/></accessor></technique_common></source><source id="Spine2-Matrix-animation-output-transform"><float_array id="Spine2-Matrix-animation-output-transform-array" count="496">

0.998271 -0.052343 -0.026747 -0.000000 0.043996 0.967110 -0.250523 17.795601 0.038981 0.248913 0.967741 0.420200 0.000000 0.000000 0.000000 1.000000
0.999218 -0.039541 -0.000236 0.000000 0.038314 0.969653 -0.241465 17.795601 0.009777 0.241267 0.970409 0.420200 0.000000 0.000000 0.000000 1.000000
0.999375 -0.026168 0.023773 0.000000 0.030858 0.973797 -0.225315 17.795601 -0.017254 0.225907 0.973996 0.420200 0.000000 0.000000 0.000000 1.000000
0.998923 -0.018769 0.042427 -0.000000 0.027111 0.978276 -0.205526 17.795601 -0.037647 0.206455 0.977732 0.420200 0.000000 0.000000 0.000000 1.000000
0.998259 -0.023553 0.054073 0.000000 0.033528 0.980874 -0.191736 17.795601 -0.048523 0.193216 0.979956 0.420200 0.000000 0.000000 0.000000 1.000000
0.997381 -0.040384 0.060007 0.000000 0.051218 0.980120 -0.191681 17.795601 -0.051074 0.194252 0.979621 0.420200 0.000000 0.000000 0.000000 1.000000
0.996100 -0.061981 0.062789 -0.000000 0.073567 0.976349 -0.203301 17.795601 -0.048703 0.207127 0.977101 0.420200 0.000000 0.000000 0.000000 1.000000
0.994974 -0.077783 0.063058 -0.000000 0.089837 0.971564 -0.219072 17.795601 -0.044225 0.223636 0.973669 0.420200 0.000000 0.000000 0.000000 1.000000
0.995021 -0.080001 0.059432 0.000000 0.091810 0.967811 -0.234336 17.795601 -0.038771 0.238626 0.970337 0.420200 0.000000 0.000000 0.000000 1.000000
0.996238 -0.069833 0.051320 -0.000000 0.080382 0.965920 -0.246041 17.795601 -0.032389 0.249241 0.967900 0.420200 0.000000 0.000000 0.000000 1.000000
0.997608 -0.056562 0.039749 0.000000 0.064663 0.966828 -0.247107 17.795601 -0.024454 0.249086 0.968173 0.420200 0.000000 0.000000 0.000000 1.000000
0.998524 -0.048308 0.024815 -0.000000 0.052721 0.971906 -0.229388 17.795601 -0.013036 0.230358 0.973019 0.420200 0.000000 0.000000 0.000000 1.000000
0.998907 -0.046362 0.005908 0.000000 0.046625 0.979774 -0.194602 17.795601 0.003234 0.194665 0.980865 0.420200 0.000000 0.000000 0.000000 1.000000
0.998754 -0.048353 -0.012349 -0.000000 0.045765 0.986097 -0.159743 17.795601 0.019901 0.158979 0.987081 0.420200 0.000000 0.000000 0.000000 1.000000
0.998571 -0.049551 -0.020027 -0.000000 0.046183 0.988606 -0.143266 17.795601 0.026897 0.142136 0.989482 0.420200 0.000000 0.000000 0.000000 1.000000
0.999117 -0.039326 -0.014766 0.000000 0.036788 0.988842 -0.144354 17.795601 0.020278 0.143683 0.989416 0.420200 0.000000 0.000000 0.000000 1.000000
0.999934 -0.006692 -0.009327 -0.000000 0.005238 0.988965 -0.148057 17.795601 0.010215 0.147998 0.988935 0.420200 0.000000 0.000000 0.000000 1.000000
0.998839 0.044669 -0.018050 0.000000 -0.046844 0.988000 -0.147182 17.795601 0.011259 0.147857 0.988945 0.420200 0.000000 0.000000 0.000000 1.000000
0.994705 0.094762 -0.039782 0.000000 -0.099569 0.984473 -0.144563 17.795601 0.025465 0.147759 0.988696 0.420200 0.000000 0.000000 0.000000 1.000000
0.990138 0.125829 -0.061598 0.000000 -0.133485 0.980806 -0.142134 17.795601 0.042531 0.148955 0.987929 0.420200 0.000000 0.000000 0.000000 1.000000
0.987807 0.135953 -0.075862 -0.000000 -0.145498 0.979528 -0.139126 17.795601 0.055395 0.148467 0.987365 0.420200 0.000000 0.000000 0.000000 1.000000
0.987508 0.132150 -0.085811 -0.000000 -0.143135 0.980048 -0.137906 17.795601 0.065874 0.148466 0.986721 0.420200 0.000000 0.000000 0.000000 1.000000
0.988268 0.118316 -0.096582 0.000000 -0.131477 0.980839 -0.143766 17.795601 0.077721 0.154778 0.984887 0.420200 0.000000 0.000000 0.000000 1.000000
0.989795 0.094460 -0.106687 0.000000 -0.110750 0.981071 -0.158855 17.795601 0.089662 0.169050 0.981521 0.420200 0.000000 0.000000 0.000000 1.000000
0.992078 0.062728 -0.108844 0.000000 -0.081769 0.980188 -0.180402 17.795601 0.095372 0.187873 0.977552 0.420200 0.000000 0.000000 0.000000 1.000000
0.994706 0.028214 -0.098815 0.000000 -0.047895 0.978033 -0.202875 17.795601 0.090921 0.206534 0.974206 0.420200 0.000000 0.000000 0.000000 1.000000
0.996537 -0.004883 -0.083001 0.000000 -0.013652 0.975117 -0.221269 17.795601 0.082016 0.221636 0.971674 0.420200 0.000000 0.000000 0.000000 1.000000
0.996848 -0.033133 -0.072090 0.000000 0.015347 0.971990 -0.234521 17.795601 0.077841 0.232676 0.969434 0.420200 0.000000 0.000000 0.000000 1.000000
0.996490 -0.051506 -0.065999 -0.000000 0.033927 0.969159 -0.244089 17.795601 0.076535 0.240993 0.967504 0.420200 0.000000 0.000000 0.000000 1.000000
0.996930 -0.057018 -0.053655 0.000000 0.041881 0.967379 -0.249846 17.795601 0.066150 0.246832 0.966798 0.420200 0.000000 0.000000 0.000000 1.000000
0.998271 -0.052343 -0.026747 0.000000 0.043997 0.967110 -0.250523 17.795601 0.038981 0.248913 0.967741 0.420200 0.000000 0.000000 0.000000 1.000000</float_array><technique_common><accessor source="#Spine2-Matrix-animation-output-transform-array" count="31" stride="16"><param type="float4x4"/></accessor></technique_common></source><source id="Spine2-Interpolations"><Name_array id="Spine2-Interpolations-array" count="31">
 LINEAR LINEAR LINEAR LINEAR LINEAR LINEAR LINEAR LINEAR LINEAR LINEAR LINEAR
LINEAR LINEAR LINEAR LINEAR LINEAR LINEAR LINEAR LINEAR LINEAR LINEAR LINEAR LINEAR
LINEAR LINEAR LINEAR LINEAR LINEAR LINEAR LINEAR LINEAR</Name_array><technique_common><accessor source="#Spine2-Interpolations-array" count="31"><param type="name"/></accessor></technique_common></source><sampler id="Spine2-Matrix-animation-transform"><input semantic="INPUT" source="#Spine2-Matrix-animation-input"/><input semantic="OUTPUT" source="#Spine2-Matrix-animation-output-transform"/><input semantic="INTERPOLATION" source="#Spine2-Interpolations"/></sampler><channel source="#Spine2-Matrix-animation-transform" target="Spine2/matrix"/></animation>
    <animation id="Neck-anim" name="Neck"><source id="Neck-Matrix-animation-input"><float_array id="Neck-Matrix-animation-input-array" count="31">

0.000000 0.033333 0.066667 0.100000 0.133333 0.166667 0.200000 0.233333 0.266667 0.300000 0.333333 0.366667 0.400000 0.433333 0.466667 0.500000
0.533333 0.566667 0.600000 0.633333 0.666667 0.700000 0.733333 0.766667 0.800000 0.833333 0.866667 0.900000 0.933333 0.966667 1.000000</float_array><technique_common><accessor source="#Neck-Matrix-animation-input-array" count="31"><param name="TIME" type="float"/></accessor></technique_common></source><source id="Neck-Matrix-animation-output-transform"><float_array id="Neck-Matrix-animation-output-transform-array" count="496">

0.999713 -0.023817 0.002747 0.000000 0.023967 0.989778 -0.140592 39.131302 0.000629 0.140617 0.990064 11.954600 0.000000 0.000000 0.000000 1.000000
0.998957 -0.044830 -0.008624 0.000000 0.043283 0.990134 -0.133274 39.131302 0.014513 0.132762 0.991042 11.954600 0.000000 0.000000 0.000000 1.000000
0.998367 -0.053911 -0.018868 -0.000000 0.051000 0.990130 -0.130544 39.131302 0.025720 0.129369 0.991263 11.954600 0.000000 0.000000 0.000000 1.000000
0.998413 -0.049391 -0.027045 0.000000 0.045468 0.990437 -0.130257 39.131302 0.033220 0.128821 0.991111 11.954600 0.000000 0.000000 0.000000 1.000000
0.998771 -0.037170 -0.032771 0.000000 0.032741 0.991409 -0.126637 39.131302 0.037196 0.125409 0.991408 11.954600 0.000000 0.000000 0.000000 1.000000
0.999027 -0.024492 -0.036678 0.000000 0.020122 0.993151 -0.115090 39.131302 0.039246 0.114240 0.992678 11.954600 0.000000 0.000000 0.000000 1.000000
0.999175 -0.011374 -0.038999 0.000000 0.007570 0.995318 -0.096354 39.131302 0.039912 0.095980 0.994583 11.954600 0.000000 0.000000 0.000000 1.000000
0.999267 0.006257 -0.037769 -0.000000 -0.009037 0.997225 -0.073895 39.131302 0.037202 0.074182 0.996551 11.954600 0.000000 0.000000 0.000000 1.000000
0.999197 0.025818 -0.030647 0.000000 -0.027269 0.998479 -0.047924 39.131302 0.029363 0.048721 0.998381 11.954600 0.000000 0.000000 0.000000 1.000000
0.999133 0.037122 -0.018869 0.000000 -0.037401 0.999193 -0.014656 39.131302 0.018310 0.015349 0.999715 11.954600 0.000000 0.000000 0.000000 1.000000
0.999255 0.038091 -0.006185 0.000000 -0.037921 0.998956 0.025487 39.131302 0.007149 -0.025234 0.999656 11.954600 0.000000 0.000000 0.000000 1.000000
0.998967 0.044924 0.006798 -0.000000 -0.045258 0.997064 0.061759 39.131302 -0.004003 -0.062003 0.998068 11.954600 0.000000 0.000000 0.000000 1.000000
0.996946 0.074704 0.022774 -0.000000 -0.076345 0.993650 0.082649 39.131302 -0.016455 -0.084136 0.996318 11.954600 0.000000 0.000000 0.000000 1.000000
0.991930 0.120078 0.040697 -0.000000 -0.123247 0.988531 0.087268 39.131302 -0.029752 -0.091580 0.995353 11.954600 0.000000 0.000000 0.000000 1.000000
0.986585 0.154002 0.054162 0.000000 -0.158033 0.984163 0.080310 39.131302 -0.040936 -0.087792 0.995297 11.954600 0.000000 0.000000 0.000000 1.000000
0.985295 0.159953 0.060078 0.000000 -0.163804 0.984295 0.065819 39.131302 -0.048606 -0.074692 0.996021 11.954600 0.000000 0.000000 0.000000 1.000000
0.987429 0.144664 0.063688 0.000000 -0.148147 0.987499 0.053835 39.131302 -0.055104 -0.062594 0.996517 11.954600 0.000000 0.000000 0.000000 1.000000
0.990205 0.120243 0.070963 0.000000 -0.124324 0.990649 0.056191 39.131302 -0.063543 -0.064463 0.995895 11.954600 0.000000 0.000000 0.000000 1.000000
0.992828 0.089177 0.079619 0.000000 -0.094305 0.993539 0.063146 39.131302 -0.073473 -0.070202 0.994823 11.954600 0.000000 0.000000 0.000000 1.000000
0.995118 0.053947 0.082637 0.000000 -0.057944 0.997224 0.046759 39.131302 -0.079885 -0.051319 0.995482 11.954600 0.000000 0.000000 0.000000 1.000000
0.996571 0.026584 0.078358 0.000000 -0.026612 0.999646 -0.000694 39.131302 -0.078349 -0.001393 0.996925 11.954600 0.000000 0.000000 0.000000 1.000000
0.997261 0.017053 0.071968 -0.000000 -0.013187 0.998462 -0.053849 39.131302 -0.072776 0.052753 0.995952 11.954600 0.000000 0.000000 0.000000 1.000000
0.997416 0.021573 0.068532 0.000000 -0.015483 0.995983 -0.088188 39.131302 -0.070159 0.086899 0.993744 11.954600 0.000000 0.000000 0.000000 1.000000
0.997205 0.030143 0.068363 0.000000 -0.022882 0.994250 -0.104615 39.131302 -0.071123 0.102758 0.992160 11.954600 0.000000 0.000000 0.000000 1.000000
0.997003 0.037688 0.067567 0.000000 -0.029709 0.992872 -0.115425 39.131302 -0.071436 0.113072 0.991016 11.954600 0.000000 0.000000 0.000000 1.000000
0.997129 0.043467 0.062006 -0.000000 -0.035359 0.991358 -0.126330 39.131302 -0.066961 0.123775 0.990048 11.954600 0.000000 0.000000 0.000000 1.000000
0.997565 0.046226 0.052225 0.000000 -0.038733 0.989905 -0.136335 39.131302 -0.058000 0.133980 0.989285 11.954600 0.000000 0.000000 0.000000 1.000000
0.998176 0.042917 0.042457 -0.000000 -0.036426 0.989001 -0.143350 39.131302 -0.048143 0.141542 0.988761 11.954600 0.000000 0.000000 0.000000 1.000000
0.998988 0.029950 0.033553 0.000000 -0.024747 0.988977 -0.145987 39.131302 -0.037555 0.145009 0.988717 11.954600 0.000000 0.000000 0.000000 1.000000
0.999749 0.006577 0.021429 0.000000 -0.003415 0.989515 -0.144388 39.131302 -0.022154 0.144278 0.989289 11.954600 0.000000 0.000000 0.000000 1.000000
0.999713 -0.023817 0.002747 0.000000 0.023967 0.989778 -0.140592 39.131302 0.000629 0.140617 0.990064 11.954600 0.000000 0.000000 0.000000 1.000000</float_array><technique_common><accessor source="#Neck-Matrix-animation-output-transform-array" count="31" stride="16"><param type="float4x4"/></accessor></technique_common></source><source id="Neck-Interpolations"><Name_array id="Neck-Interpolations-array" count="31">
 LINEAR LINEAR LINEAR LINEAR LINEAR LINEAR LINEAR LINEAR LINEAR LINEAR LINEAR
LINEAR LINEAR LINEAR LINEAR LINEAR LINEAR LINEAR LINEAR LINEAR LINEAR LINEAR LINEAR
LINEAR LINEAR LINEAR LINEAR LINEAR LINEAR LINEAR LINEAR</Name_array><technique_common><accessor source="#Neck-Interpolations-array" count="31"><param type="name"/></accessor></technique_common></source><sampler id="Neck-Matrix-animation-transform"><input semantic="INPUT" source="#Neck-Matrix-animation-input"/><input semantic="OUTPUT" source="#Neck-Matrix-animation-output-transform"/><input semantic="INTERPOLATION" source="#Neck-Interpolations"/></sampler><channel source="#Neck-Matrix-animation-transform" target="Neck/matrix"/></animation>
    <animation id="Head-anim" name="Head"><source id="Head-Matrix-animation-input"><float_array id="Head-Matrix-animation-input-array" count="31">

0.000000 0.033333 0.066667 0.100000 0.133333 0.166667 0.200000 0.233333 0.266667 0.300000 0.333333 0.366667 0.400000 0.433333 0.466667 0.500000
0.533333 0.566667 0.600000 0.633333 0.666667 0.700000 0.733333 0.766667 0.800000 0.833333 0.866667 0.900000 0.933333 0.966667 1.000000</float_array><technique_common><accessor source="#Head-Matrix-animation-input-array" count="31"><param name="TIME" type="float"/></accessor></technique_common></source><source id="Head-Matrix-animation-output-transform"><float_array id="Head-Matrix-animation-output-transform-array" count="496">

0.992245 -0.111747 0.054436 0.000000 0.124199 0.873599 -0.470531 14.456200 0.005025 0.473643 0.880703 15.627700 0.000000 0.000000 0.000000 1.000000
0.969960 -0.238651 -0.047146 0.000000 0.196648 0.883311 -0.425547 14.456200 0.143202 0.403493 0.903707 15.627700 0.000000 0.000000 0.000000 1.000000
0.945057 -0.297188 -0.136187 -0.000000 0.219148 0.885068 -0.410644 14.456200 0.242573 0.358237 0.901568 15.627700 0.000000 0.000000 0.000000 1.000000
0.936209 -0.279289 -0.213332 0.000000 0.180205 0.902631 -0.390875 14.456200 0.301727 0.327497 0.895381 15.627700 0.000000 0.000000 0.000000 1.000000
0.931311 -0.222084 -0.288683 -0.000000 0.119058 0.934680 -0.334960 14.456200 0.344216 0.277582 0.896919 15.627700 0.000000 0.000000 0.000000 1.000000
0.912070 -0.172180 -0.372133 0.000000 0.083621 0.966596 -0.242279 14.456200 0.401418 0.189858 0.896001 15.627700 0.000000 0.000000 0.000000 1.000000
0.879664 -0.134740 -0.456109 0.000000 0.083846 0.987944 -0.130143 14.456200 0.468146 0.076239 0.880356 15.627700 0.000000 0.000000 0.000000 1.000000
0.856106 -0.094090 -0.508163 -0.000000 0.107013 0.994250 -0.003807 14.456200 0.505600 -0.051121 0.861252 15.627700 0.000000 0.000000 0.000000 1.000000
0.866646 -0.060879 -0.495195 0.000000 0.147824 0.979294 0.138316 14.456200 0.476521 -0.193073 0.857701 15.627700 0.000000 0.000000 0.000000 1.000000
0.907175 -0.059427 -0.416535 -0.000000 0.193439 0.938055 0.287460 14.456200 0.373650 -0.341351 0.862476 15.627700 0.000000 0.000000 0.000000 1.000000
0.946719 -0.088632 -0.309624 -0.000000 0.221222 0.877656 0.425182 14.456200 0.234059 -0.471024 0.850502 15.627700 0.000000 0.000000 0.000000 1.000000
0.968900 -0.131123 -0.209856 0.000000 0.225915 0.814773 0.533954 14.456200 0.100972 -0.564758 0.819056 15.627700 0.000000 0.000000 0.000000 1.000000
0.978295 -0.175154 -0.110720 0.000000 0.205873 0.760866 0.615385 14.456200 -0.023544 -0.624823 0.780411 15.627700 0.000000 0.000000 0.000000 1.000000
0.978760 -0.204749 0.010319 -0.000000 0.144305 0.723824 0.674726 14.456200 -0.145619 -0.658906 0.737996 15.627700 0.000000 0.000000 0.000000 1.000000
0.968696 -0.201984 0.144329 0.000000 0.046172 0.717830 0.694686 14.456200 -0.243919 -0.666275 0.704685 15.627700 0.000000 0.000000 0.000000 1.000000
0.947916 -0.175243 0.265981 0.000000 -0.043617 0.755768 0.653385 14.456200 -0.315521 -0.630955 0.708761 15.627700 0.000000 0.000000 0.000000 1.000000
0.912465 -0.154820 0.378732 0.000000 -0.088642 0.828861 0.552388 14.456200 -0.399437 -0.537606 0.742583 15.627700 0.000000 0.000000 0.000000 1.000000
0.852244 -0.142233 0.503438 -0.000000 -0.093126 0.905714 0.413533 14.456200 -0.514789 -0.399314 0.758644 15.627700 0.000000 0.000000 0.000000 1.000000
0.768615 -0.101387 0.631626 0.000000 -0.079586 0.964535 0.251672 14.456200 -0.634742 -0.243707 0.733287 15.627700 0.000000 0.000000 0.000000 1.000000
0.690106 -0.014257 0.723568 0.000000 -0.051018 0.996360 0.068291 14.456200 -0.721908 -0.084043 0.686867 15.627700 0.000000 0.000000 0.000000 1.000000
0.653454 0.093281 0.751197 -0.000000 -0.006532 0.993036 -0.117629 14.456200 -0.756938 0.071958 0.649513 15.627700 0.000000 0.000000 0.000000 1.000000
0.663052 0.186147 0.725059 0.000000 0.032013 0.960651 -0.275907 14.456200 -0.747888 0.206152 0.631003 15.627700 0.000000 0.000000 0.000000 1.000000
0.690369 0.250899 0.678557 0.000000 0.046255 0.920710 -0.387496 14.456200 -0.721977 0.298901 0.624025 15.627700 0.000000 0.000000 0.000000 1.000000
0.716092 0.285842 0.636794 0.000000 0.041697 0.893158 -0.447807 14.456200 -0.696760 0.347223 0.627664 15.627700 0.000000 0.000000 0.000000 1.000000
0.751380 0.286821 0.594274 0.000000 0.033149 0.883048 -0.468109 14.456200 -0.659036 0.371428 0.653997 15.627700 0.000000 0.000000 0.000000 1.000000
0.809931 0.259738 0.525879 0.000000 0.026480 0.879493 -0.475175 14.456200 -0.585928 0.398784 0.705450 15.627700 0.000000 0.000000 0.000000 1.000000
0.873640 0.230565 0.428476 -0.000000 0.013406 0.868861 -0.494874 14.456200 -0.486387 0.438086 0.755982 15.627700 0.000000 0.000000 0.000000 1.000000
0.917311 0.214127 0.335693 -0.000000 -0.008483 0.853406 -0.521177 14.456200 -0.398080 0.475234 0.784656 15.627700 0.000000 0.000000 0.000000 1.000000
0.947588 0.178598 0.264914 0.000000 -0.013375 0.850614 -0.525620 14.456200 -0.319214 0.494528 0.808421 15.627700 0.000000 0.000000 0.000000 1.000000
0.980008 0.074570 0.184456 0.000000 0.028014 0.866151 -0.498997 14.456200 -0.196977 0.494188 0.846746 15.627700 0.000000 0.000000 0.000000 1.000000
0.992245 -0.111747 0.054436 0.000000 0.124199 0.873599 -0.470531 14.456200 0.005025 0.473643 0.880703 15.627700 0.000000 0.000000 0.000000 1.000000</float_array><technique_common><accessor source="#Head-Matrix-animation-output-transform-array" count="31" stride="16"><param type="float4x4"/></accessor></technique_common></source><source id="Head-Interpolations"><Name_array id="Head-Interpolations-array" count="31">
 LINEAR LINEAR LINEAR LINEAR LINEAR LINEAR LINEAR LINEAR LINEAR LINEAR LINEAR
LINEAR LINEAR LINEAR LINEAR LINEAR LINEAR LINEAR LINEAR LINEAR LINEAR LINEAR LINEAR
LINEAR LINEAR LINEAR LINEAR LINEAR LINEAR LINEAR LINEAR</Name_array><technique_common><accessor source="#Head-Interpolations-array" count="31"><param type="name"/></accessor></technique_common></source><sampler id="Head-Matrix-animation-transform"><input semantic="INPUT" source="#Head-Matrix-animation-input"/><input semantic="OUTPUT" source="#Head-Matrix-animation-output-transform"/><input semantic="INTERPOLATION" source="#Head-Interpolations"/></sampler><channel source="#Head-Matrix-animation-transform" target="Head/matrix"/></animation>
    <animation id="LeftShoulder-anim" name="LeftShoulder"><source id="LeftShoulder-Matrix-animation-input"><float_array id="LeftShoulder-Matrix-animation-input-array" count="31">

0.000000 0.033333 0.066667 0.100000 0.133333 0.166667 0.200000 0.233333 0.266667 0.300000 0.333333 0.366667 0.400000 0.433333 0.466667 0.500000
0.533333 0.566667 0.600000 0.633333 0.666667 0.700000 0.733333 0.766667 0.800000 0.833333 0.866667 0.900000 0.933333 0.966667 1.000000</float_array><technique_common><accessor source="#LeftShoulder-Matrix-animation-input-array" count="31"><param name="TIME" type="float"/></accessor></technique_common></source><source id="LeftShoulder-Matrix-animation-output-transform"><float_array id="LeftShoulder-Matrix-animation-output-transform-array" count="496">

0.998779 -0.005380 -0.049116 17.399500 0.000381 0.994863 -0.101225 24.608801 0.049408 0.101083 0.993650 1.168800 0.000000 0.000000 0.000000 1.000000
0.989683 0.022025 -0.141573 17.399500 -0.035909 0.994707 -0.096274 24.608801 0.138703 0.100364 0.985235 1.168800 0.000000 0.000000 0.000000 1.000000
0.961054 0.049484 -0.271894 17.399500 -0.072202 0.994627 -0.074190 24.608801 0.266762 0.090932 0.959463 1.168800 0.000000 0.000000 0.000000 1.000000
0.908414 0.116606 -0.401481 17.399500 -0.139117 0.989900 -0.027269 24.608801 0.394246 0.080625 0.915461 1.168800 0.000000 0.000000 0.000000 1.000000
0.873326 0.198780 -0.444734 17.399500 -0.219060 0.975693 0.005932 24.608801 0.435104 0.092243 0.895643 1.168800 0.000000 0.000000 0.000000 1.000000
