<?xml version="1.0" encoding="utf-8"?>
<COLLADA xmlns="http://www.collada.org/2005/11/COLLADASchema" version="1.4.1">
  <asset><contributor><author>Mixamo</author><authoring_tool>COLLADA Mixamo exporter</authoring_tool><comments></comments></contributor><created>2020-06-26T17:30:09Z</created><modified>2020-06-26T17:30:09Z</modified><revision></revision><title></title><unit meter="0.010000"/><up_axis>Y_UP</up_axis></asset>
  <library_animations>
    <animation id="mixamorig_Hips-anim" name="mixamorig_Hips"><source id="mixamorig_Hips-Matrix-animation-input"><float_array id="mixamorig_Hips-Matrix-animation-input-array" count="22">

0.000000 0.033333 0.066667 0.100000 0.133333 0.166667 0.200000 0.233333 0.266667 0.300000 0.333333 0.366667 0.400000 0.433333 0.466667 0.500000
0.533333 0.566667 0.600000 0.633333 0.666667 0.700000</float_array><technique_common><accessor source="#mixamorig_Hips-Matrix-animation-input-array" count="22"><param name="TIME" type="float"/></accessor></technique_common></source><source id="mixamorig_Hips-Matrix-animation-output-transform"><float_array id="mixamorig_Hips-Matrix-animation-output-transform-array" count="352">

0.995490 0.093326 -0.017005 0.370399 -0.094847 0.976042 -0.195820 90.456322 -0.001677 0.196549 0.980492 1.091392 0.000000 0.000000 0.000000 1.000000
0.999128 0.031518 -0.027376 0.473552 -0.035612 0.985665 -0.164912 91.152588 0.021786 0.165743 0.985928 1.327355 0.000000 0.000000 0.000000 1.000000
0.998014 -0.056178 -0.028496 0.235606 0.050351 0.983278 -0.175009 93.400284 0.037851 0.173227 0.984154 2.057194 0.000000 0.000000 0.000000 1.000000
0.985466 -0.169782 -0.005491 -0.134502 0.165986 0.969299 -0.181407 95.379692 0.036122 0.177859 0.983393 2.520068 0.000000 0.000000 0.000000 1.000000
0.980903 -0.192302 0.029135 -0.241270 0.194341 0.963081 -0.186297 97.497711 0.007766 0.188401 0.982061 2.617551 0.000000 0.000000 0.000000 1.000000
0.989045 -0.142658 0.037925 -0.215449 0.147308 0.970383 -0.191459 98.432716 -0.009489 0.194948 0.980768 2.232377 0.000000 0.000000 0.000000 1.000000
0.994407 -0.100307 0.033070 -0.163754 0.104231 0.982580 -0.153861 98.610840 -0.017061 0.156447 0.987539 1.234471 0.000000 0.000000 0.000000 1.000000
0.996690 -0.042808 0.069113 0.066543 0.051763 0.989700 -0.133473 97.391251 -0.062687 0.136608 0.988640 0.876144 0.000000 0.000000 0.000000 1.000000
0.995464 -0.024162 0.092021 0.043982 0.037013 0.989373 -0.140613 94.677315 -0.087646 0.143381 0.985779 0.989655 0.000000 0.000000 0.000000 1.000000
0.995845 -0.027755 0.086732 -0.227565 0.042512 0.983961 -0.173246 92.530716 -0.080532 0.176213 0.981052 1.400522 0.000000 0.000000 0.000000 1.000000
0.996936 -0.033435 0.070718 -1.050478 0.045939 0.981975 -0.183344 90.395248 -0.063313 0.186031 0.980502 1.548241 0.000000 0.000000 0.000000 1.000000
0.997291 0.013680 0.072268 -1.792930 -0.000301 0.983304 -0.181972 90.238800 -0.073551 0.181458 0.980644 1.678656 0.000000 0.000000 0.000000 1.000000
0.994296 0.065539 0.084147 -1.640909 -0.048844 0.981141 -0.187019 92.157990 -0.094817 0.181843 0.978746 2.110001 0.000000 0.000000 0.000000 1.000000
0.994162 0.099905 0.040754 -1.336846 -0.090727 0.978462 -0.185419 94.972229 -0.058400 0.180639 0.981814 2.397817 0.000000 0.000000 0.000000 1.000000
0.992511 0.121792 0.009368 -0.781221 -0.118121 0.976472 -0.180413 97.190536 -0.031120 0.177956 0.983546 2.314312 0.000000 0.000000 0.000000 1.000000
0.997985 0.059748 0.021337 -0.842045 -0.055382 0.984497 -0.166430 98.596153 -0.030950 0.164913 0.985822 1.922061 0.000000 0.000000 0.000000 1.000000
0.998344 -0.053251 0.021759 -1.327108 0.055788 0.988518 -0.140427 99.162987 -0.014031 0.141409 0.989852 1.494411 0.000000 0.000000 0.000000 1.000000
0.998527 -0.053932 0.005867 -1.401467 0.054247 0.991447 -0.118700 98.596931 0.000585 0.118843 0.992913 0.844922 0.000000 0.000000 0.000000 1.000000
0.999424 -0.018360 -0.028549 -1.114340 0.014975 0.993303 -0.114566 96.953644 0.030461 0.114072 0.993005 0.676295 0.000000 0.000000 0.000000 1.000000
0.998324 0.046824 -0.034022 -0.362801 -0.050784 0.990630 -0.126781 94.386215 0.027767 0.128297 0.991347 0.712970 0.000000 0.000000 0.000000 1.000000
0.995878 0.089153 -0.016700 0.049111 -0.090695 0.981265 -0.169980 91.867432 0.001233 0.170794 0.985306 0.894256 0.000000 0.000000 0.000000 1.000000
0.995490 0.093326 -0.017005 0.370399 -0.094847 0.976042 -0.195820 90.456322 -0.001677 0.196549 0.980492 1.091392 0.000000 0.000000 0.000000 1.000000</float_array><technique_common><accessor source="#mixamorig_Hips-Matrix-animation-output-transform-array" count="22" stride="16"><param type="float4x4"/></accessor></technique_common></source><source id="mixamorig_Hips-Interpolations"><Name_array id="mixamorig_Hips-Interpolations-array" count="22">
 LINEAR LINEAR LINEAR LINEAR LINEAR LINEAR LINEAR LINEAR LINEAR LINEAR LINEAR
LINEAR LINEAR LINEAR LINEAR LINEAR LINEAR LINEAR LINEAR LINEAR LINEAR LINEAR</Name_array><technique_common><accessor source="#mixamorig_Hips-Interpolations-array" count="22"><param type="name"/></accessor></technique_common></source><sampler id="mixamorig_Hips-Matrix-animation-transform"><input semantic="INPUT" source="#mixamorig_Hips-Matrix-animation-input"/><input semantic="OUTPUT" source="#mixamorig_Hips-Matrix-animation-output-transform"/><input semantic="INTERPOLATION" source="#mixamorig_Hips-Interpolations"/></sampler><channel source="#mixamorig_Hips-Matrix-animation-transform" target="mixamorig_Hips/matrix"/></animation>
    <animation id="mixamorig_Spine-anim" name="mixamorig_Spine"><source id="mixamorig_Spine-Matrix-animation-input"><float_array id="mixamorig_Spine-Matrix-animation-input-array" count="22">

0.000000 0.033333 0.066667 0.100000 0.133333 0.166667 0.200000 0.233333 0.266667 0.300000 0.333333 0.366667 0.400000 0.433333 0.466667 0.500000
0.533333 0.566667 0.600000 0.633333 0.666667 0.700000</float_array><technique_common><accessor source="#mixamorig_Spine-Matrix-animation-input-array" count="22"><param name="TIME" type="float"/></accessor></technique_common></source><source id="mixamorig_Spine-Matrix-animation-output-transform"><float_array id="mixamorig_Spine-Matrix-animation-output-transform-array" count="352">

0.991108 -0.130612 0.025415 -0.000000 0.133045 0.975793 -0.173571 10.181600 -0.002130 0.175409 0.984493 0.131500 0.000000 0.000000 0.000000 1.000000
0.992265 -0.050647 0.113332 0.000000 0.070860 0.980718 -0.182131 10.181600 -0.101922 0.188753 0.976721 0.131500 0.000000 0.000000 0.000000 1.000000
0.984431 0.057645 0.166047 0.000000 -0.029314 0.985306 -0.168266 10.181600 -0.173307 0.160779 0.971656 0.131500 0.000000 0.000000 0.000000 1.000000
0.960092 0.199761 0.195751 0.000000 -0.166614 0.970662 -0.173361 10.181600 -0.224639 0.133828 0.965209 0.131500 0.000000 0.000000 0.000000 1.000000
0.942445 0.232527 0.240267 0.000000 -0.198286 0.967271 -0.158335 10.181600 -0.269220 0.101581 0.957707 0.131500 0.000000 0.000000 0.000000 1.000000
0.943180 0.185781 0.275495 0.000000 -0.155148 0.979393 -0.129297 10.181600 -0.293839 0.079208 0.952567 0.131500 0.000000 0.000000 0.000000 1.000000
0.957184 0.138317 0.254297 0.000000 -0.108055 0.985686 -0.129409 10.181600 -0.268556 0.096390 0.958429 0.131500 0.000000 0.000000 0.000000 1.000000
0.983948 0.060818 0.167774 0.000000 -0.041023 0.992043 -0.119030 10.181600 -0.173679 0.110236 0.978613 0.131500 0.000000 0.000000 0.000000 1.000000
0.996415 0.031113 0.078667 0.000000 -0.021987 0.993200 -0.114326 10.181600 -0.081689 0.112186 0.990324 0.131500 0.000000 0.000000 0.000000 1.000000
0.999485 0.031999 0.002312 -0.000000 -0.031444 0.991362 -0.127331 10.181600 -0.006367 0.127193 0.991858 0.131500 0.000000 0.000000 0.000000 1.000000
0.996498 0.049711 -0.067230 0.000000 -0.059192 0.987316 -0.147322 10.181600 0.059054 0.150786 0.986801 0.131500 0.000000 0.000000 0.000000 1.000000
0.990858 -0.000082 -0.134911 -0.000000 -0.021835 0.986717 -0.160973 10.181600 0.133133 0.162447 0.977695 0.131500 0.000000 0.000000 0.000000 1.000000
0.975844 -0.061026 -0.209770 0.000000 0.024417 0.984643 -0.172864 10.181600 0.217098 0.163567 0.962348 0.131500 0.000000 0.000000 0.000000 1.000000
0.960254 -0.104105 -0.258988 0.000000 0.060034 0.983159 -0.172611 10.181600 0.272596 0.150203 0.950332 0.131500 0.000000 0.000000 0.000000 1.000000
0.933341 -0.151936 -0.325255 0.000000 0.097742 0.979345 -0.177005 10.181600 0.345430 0.133415 0.928913 0.131500 0.000000 0.000000 0.000000 1.000000
0.913245 -0.086225 -0.398183 0.000000 0.028917 0.988601 -0.147755 10.181600 0.406384 0.123422 0.905328 0.131500 0.000000 0.000000 0.000000 1.000000
0.904223 0.050103 -0.424111 0.000000 -0.098065 0.990917 -0.092016 10.181600 0.415649 0.124793 0.900923 0.131500 0.000000 0.000000 0.000000 1.000000
0.919926 0.048154 -0.389124 0.000000 -0.101810 0.987726 -0.118457 10.181600 0.378644 0.148588 0.913537 0.131500 0.000000 0.000000 0.000000 1.000000
0.949517 0.007907 -0.313617 0.000000 -0.059364 0.986149 -0.154871 10.181600 0.308049 0.165671 0.936835 0.131500 0.000000 0.000000 0.000000 1.000000
0.976104 -0.082040 -0.201224 0.000000 0.044851 0.982117 -0.182850 10.181600 0.212626 0.169456 0.962328 0.131500 0.000000 0.000000 0.000000 1.000000
0.986042 -0.137492 -0.093902 0.000000 0.118885 0.976259 -0.181063 10.181600 0.116567 0.167372 0.978978 0.131500 0.000000 0.000000 0.000000 1.000000
0.991108 -0.130612 0.025415 -0.000000 0.133045 0.975793 -0.173571 10.181600 -0.002130 0.175409 0.984493 0.131500 0.000000 0.000000 0.000000 1.000000</float_array><technique_common><accessor source="#mixamorig_Spine-Matrix-animation-output-transform-array" count="22" stride="16"><param type="float4x4"/></accessor></technique_common></source><source id="mixamorig_Spine-Interpolations"><Name_array id="mixamorig_Spine-Interpolations-array" count="22">
 LINEAR LINEAR LINEAR LINEAR LINEAR LINEAR LINEAR LINEAR LINEAR LINEAR LINEAR
LINEAR LINEAR LINEAR LINEAR LINEAR LINEAR LINEAR LINEAR LINEAR LINEAR LINEAR</Name_array><technique_common><accessor source="#mixamorig_Spine-Interpolations-array" count="22"><param type="name"/></accessor></technique_common></source><sampler id="mixamorig_Spine-Matrix-animation-transform"><input semantic="INPUT" source="#mixamorig_Spine-Matrix-animation-input"/><input semantic="OUTPUT" source="#mixamorig_Spine-Matrix-animation-output-transform"/><input semantic="INTERPOLATION" source="#mixamorig_Spine-Interpolations"/></sampler><channel source="#mixamorig_Spine-Matrix-animation-transform" target="mixamorig_Spine/matrix"/></animation>
    <animation id="mixamorig_Spine1-anim" name="mixamorig_Spine1"><source id="mixamorig_Spine1-Matrix-animation-input"><float_array id="mixamorig_Spine1-Matrix-animation-input-array" count="22">

0.000000 0.033333 0.066667 0.100000 0.133333 0.166667 0.200000 0.233333 0.266667 0.300000 0.333333 0.366667 0.400000 0.433333 0.466667 0.500000
0.533333 0.566667 0.600000 0.633333 0.666667 0.700000</float_array><technique_common><accessor source="#mixamorig_Spine1-Matrix-animation-input-array" count="22"><param name="TIME" type="float"/></accessor></technique_common></source><source id="mixamorig_Spine1-Matrix-animation-output-transform"><float_array id="mixamorig_Spine1-Matrix-animation-output-transform-array" count="352">

0.999960 -0.008875 -0.000820 -0.000000 0.008840 0.999334 -0.035407 10.083500 0.001134 0.035399 0.999373 -1.000800 0.000000 0.000000 0.000000 1.000000
0.998894 -0.003232 0.046910 -0.000000 0.005237 0.999075 -0.042680 10.083500 -0.046729 0.042879 0.997987 -1.000800 0.000000 0.000000 0.000000 1.000000
0.997285 0.002259 0.073605 0.000000 0.000056 0.999506 -0.031434 10.083500 -0.073639 0.031352 0.996792 -1.000800 0.000000 0.000000 0.000000 1.000000
0.996321 0.008578 0.085270 0.000000 -0.006786 0.999751 -0.021280 10.083500 -0.085432 0.020623 0.996131 -1.000800 0.000000 0.000000 0.000000 1.000000
0.995111 0.013508 0.097832 0.000000 -0.012724 0.999882 -0.008636 10.083500 -0.097938 0.007349 0.995165 -1.000800 0.000000 0.000000 0.000000 1.000000
0.994503 0.007546 0.104432 0.000000 -0.007876 0.999965 0.002747 10.083500 -0.104407 -0.003554 0.994528 -1.000800 0.000000 0.000000 0.000000 1.000000
0.995413 0.006126 0.095471 0.000000 -0.005919 0.999979 -0.002452 10.083500 -0.095484 0.001875 0.995429 -1.000800 0.000000 0.000000 0.000000 1.000000
0.997215 0.011307 0.073725 -0.000000 -0.010929 0.999925 -0.005527 10.083500 -0.073782 0.004705 0.997263 -1.000800 0.000000 0.000000 0.000000 1.000000
0.998581 0.018571 0.049914 0.000000 -0.018372 0.999821 -0.004452 10.083500 -0.049988 0.003529 0.998744 -1.000800 0.000000 0.000000 0.000000 1.000000
0.999557 0.024313 0.017183 0.000000 -0.024212 0.999689 -0.006041 10.083500 -0.017324 0.005622 0.999834 -1.000800 0.000000 0.000000 0.000000 1.000000
0.999545 0.023977 -0.018274 0.000000 -0.024151 0.999665 -0.009336 10.083500 0.018044 0.009773 0.999789 -1.000800 0.000000 0.000000 0.000000 1.000000
0.998369 0.015404 -0.054978 0.000000 -0.016184 0.999774 -0.013772 10.083500 0.054754 0.014639 0.998393 -1.000800 0.000000 0.000000 0.000000 1.000000
0.995126 0.004823 -0.098497 0.000000 -0.006521 0.999835 -0.016927 10.083500 0.098400 0.017487 0.994993 -1.000800 0.000000 0.000000 0.000000 1.000000
0.991928 -0.003529 -0.126751 0.000000 0.001920 0.999916 -0.012821 10.083500 0.126786 0.012474 0.991852 -1.000800 0.000000 0.000000 0.000000 1.000000
0.989353 -0.004775 -0.145460 0.000000 0.003611 0.999959 -0.008266 10.083500 0.145494 0.007653 0.989330 -1.000800 0.000000 0.000000 0.000000 1.000000
0.988340 -0.002099 -0.152246 0.000000 0.000996 0.999973 -0.007325 10.083500 0.152257 0.007088 0.988316 -1.000800 0.000000 0.000000 0.000000 1.000000
0.987483 0.004311 -0.157667 0.000000 -0.005535 0.999958 -0.007326 10.083500 0.157629 0.008107 0.987465 -1.000800 0.000000 0.000000 0.000000 1.000000
0.988254 0.012581 -0.152302 0.000000 -0.015188 0.999757 -0.015971 10.083500 0.152064 0.018096 0.988205 -1.000800 0.000000 0.000000 0.000000 1.000000
0.991430 0.003075 -0.130605 0.000000 -0.006721 0.999600 -0.027484 10.083500 0.130468 0.028126 0.991053 -1.000800 0.000000 0.000000 0.000000 1.000000
0.995155 -0.005722 -0.098150 0.000000 0.002726 0.999527 -0.030635 10.083500 0.098279 0.030219 0.994700 -1.000800 0.000000 0.000000 0.000000 1.000000
0.998329 -0.006704 -0.057397 0.000000 0.004925 0.999505 -0.031080 10.083500 0.057577 0.030745 0.997868 -1.000800 0.000000 0.000000 0.000000 1.000000
0.999960 -0.008875 -0.000820 -0.000000 0.008840 0.999334 -0.035407 10.083500 0.001134 0.035399 0.999373 -1.000800 0.000000 0.000000 0.000000 1.000000</float_array><technique_common><accessor source="#mixamorig_Spine1-Matrix-animation-output-transform-array" count="22" stride="16"><param type="float4x4"/></accessor></technique_common></source><source id="mixamorig_Spine1-Interpolations"><Name_array id="mixamorig_Spine1-Interpolations-array" count="22">
 LINEAR LINEAR LINEAR LINEAR LINEAR LINEAR LINEAR LINEAR LINEAR LINEAR LINEAR
LINEAR LINEAR LINEAR LINEAR LINEAR LINEAR LINEAR LINEAR LINEAR LINEAR LINEAR</Name_array><technique_common><accessor source="#mixamorig_Spine1-Interpolations-array" count="22"><param type="name"/></accessor></technique_common></source><sampler id="mixamorig_Spine1-Matrix-animation-transform"><input semantic="INPUT" source="#mixamorig_Spine1-Matrix-animation-input"/><input semantic="OUTPUT" source="#mixamorig_Spine1-Matrix-animation-output-transform"/><input semantic="INTERPOLATION" source="#mixamorig_Spine1-Interpolations"/></sampler><channel source="#mixamorig_Spine1-Matrix-animation-transform" target="mixamorig_Spine1/matrix"/></animation>
    <animation id="mixamorig_Spine2-anim" name="mixamorig_Spine2"><source id="mixamorig_Spine2-Matrix-animation-input"><float_array id="mixamorig_Spine2-Matrix-animation-input-array" count="22">

0.000000 0.033333 0.066667 0.100000 0.133333 0.166667 0.200000 0.233333 0.266667 0.300000 0.333333 0.366667 0.400000 0.433333 0.466667 0.500000
0.533333 0.566667 0.600000 0.633333 0.666667 0.700000</float_array><technique_common><accessor source="#mixamorig_Spine2-Matrix-animation-input-array" count="22"><param name="TIME" type="float"/></accessor></technique_common></source><source id="mixamorig_Spine2-Matrix-animation-output-transform"><float_array id="mixamorig_Spine2-Matrix-animation-output-transform-array" count="352">

0.999994 -0.003256 -0.000917 0.000000 0.003164 0.996209 -0.086933 9.100000 0.001196 0.086930 0.996214 -1.373400 0.000000 0.000000 0.000000 1.000000
0.998873 0.002795 0.047388 0.000000 0.001672 0.995574 -0.093966 9.100000 -0.047441 0.093940 0.994447 -1.373400 0.000000 0.000000 0.000000 1.000000
0.997187 0.008486 0.074473 0.000000 -0.002387 0.996663 -0.081596 9.100000 -0.074917 0.081189 0.993879 -1.373400 0.000000 0.000000 0.000000 1.000000
0.996159 0.015207 0.086229 -0.000000 -0.009177 0.997511 -0.069907 9.100000 -0.087078 0.068848 0.993820 -1.373400 0.000000 0.000000 0.000000 1.000000
0.994934 0.020756 0.098368 0.000000 -0.015252 0.998293 -0.056376 9.100000 -0.099370 0.054590 0.993552 -1.373400 0.000000 0.000000 0.000000 1.000000
0.994388 0.014924 0.104732 -0.000000 -0.010225 0.998923 -0.045256 9.100000 -0.105295 0.043931 0.993470 -1.373400 0.000000 0.000000 0.000000 1.000000
0.995305 0.013776 0.095799 0.000000 -0.008851 0.998626 -0.051646 9.100000 -0.096378 0.050556 0.994060 -1.373400 0.000000 0.000000 0.000000 1.000000
0.997089 0.018863 0.073875 0.000000 -0.014730 0.998317 -0.056096 9.100000 -0.074809 0.054845 0.995689 -1.373400 0.000000 0.000000 0.000000 1.000000
0.998431 0.025587 0.049803 0.000000 -0.022809 0.998194 -0.055565 9.100000 -0.051135 0.054342 0.997212 -1.373400 0.000000 0.000000 0.000000 1.000000
0.999396 0.030387 0.016872 0.000000 -0.029376 0.997927 -0.057263 9.100000 -0.018577 0.056733 0.998217 -1.373400 0.000000 0.000000 0.000000 1.000000
0.999401 0.028848 -0.019107 -0.000000 -0.029958 0.997710 -0.060644 9.100000 0.017313 0.061180 0.997977 -1.373400 0.000000 0.000000 0.000000 1.000000
0.998278 0.018613 -0.055627 0.000000 -0.022218 0.997644 -0.064900 9.100000 0.054288 0.066024 0.996340 -1.373400 0.000000 0.000000 0.000000 1.000000
0.995094 0.007221 -0.098675 -0.000000 -0.013927 0.997626 -0.067437 9.100000 0.097954 0.068480 0.992832 -1.373400 0.000000 0.000000 0.000000 1.000000
0.991917 -0.001665 -0.126881 0.000000 -0.006278 0.998045 -0.062177 9.100000 0.126737 0.062471 0.989967 -1.373400 0.000000 0.000000 0.000000 1.000000
0.989318 -0.002574 -0.145748 0.000000 -0.005605 0.998433 -0.055681 9.100000 0.145663 0.055903 0.987754 -1.373400 0.000000 0.000000 0.000000 1.000000
0.988359 0.000606 -0.152135 -0.000000 -0.009045 0.998457 -0.054786 9.100000 0.151867 0.055524 0.986840 -1.373400 0.000000 0.000000 0.000000 1.000000
0.987502 0.007666 -0.157422 0.000000 -0.016625 0.998310 -0.055676 9.100000 0.156729 0.057598 0.985961 -1.373400 0.000000 0.000000 0.000000 1.000000
0.988177 0.016654 -0.152413 -0.000000 -0.026664 0.997602 -0.063868 9.100000 0.150984 0.067177 0.986251 -1.373400 0.000000 0.000000 0.000000 1.000000
0.991366 0.007585 -0.130902 -0.000000 -0.017632 0.996970 -0.075768 9.100000 0.129931 0.077422 0.988496 -1.373400 0.000000 0.000000 0.000000 1.000000
0.995136 -0.000900 -0.098505 0.000000 -0.006993 0.996790 -0.079752 9.100000 0.098261 0.080053 0.991936 -1.373400 0.000000 0.000000 0.000000 1.000000
0.998328 -0.001264 -0.057783 0.000000 -0.003451 0.996674 -0.081421 9.100000 0.057693 0.081484 0.995003 -1.373400 0.000000 0.000000 0.000000 1.000000
0.999994 -0.003256 -0.000917 0.000000 0.003164 0.996209 -0.086933 9.100000 0.001196 0.086930 0.996214 -1.373400 0.000000 0.000000 0.000000 1.000000</float_array><technique_common><accessor source="#mixamorig_Spine2-Matrix-animation-output-transform-array" count="22" stride="16"><param type="float4x4"/></accessor></technique_common></source><source id="mixamorig_Spine2-Interpolations"><Name_array id="mixamorig_Spine2-Interpolations-array" count="22">
 LINEAR LINEAR LINEAR LINEAR LINEAR LINEAR LINEAR LINEAR LINEAR LINEAR LINEAR
LINEAR LINEAR LINEAR LINEAR LINEAR LINEAR LINEAR LINEAR LINEAR LINEAR LINEAR</Name_array><technique_common><accessor source="#mixamorig_Spine2-Interpolations-array" count="22"><param type="name"/></accessor></technique_common></source><sampler id="mixamorig_Spine2-Matrix-animation-transform"><input semantic="INPUT" source="#mixamorig_Spine2-Matrix-animation-input"/><input semantic="OUTPUT" source="#mixamorig_Spine2-Matrix-animation-output-transform"/><input semantic="INTERPOLATION" source="#mixamorig_Spine2-Interpolations"/></sampler><channel source="#mixamorig_Spine2-Matrix-animation-transform" target="mixamorig_Spine2/matrix"/></animation>
    <animation id="mixamorig_Neck-anim" name="mixamorig_Neck"><source id="mixamorig_Neck-Matrix-animation-input"><float_array id="mixamorig_Neck-Matrix-animation-input-array" count="22">

0.000000 0.033333 0.066667 0.100000 0.133333 0.166667 0.200000 0.233333 0.266667 0.300000 0.333333 0.366667 0.400000 0.433333 0.466667 0.500000
0.533333 0.566667 0.600000 0.633333 0.666667 0.700000</float_array><technique_common><accessor source="#mixamorig_Neck-Matrix-animation-input-array" count="22"><param name="TIME" type="float"/></accessor></technique_common></source><source id="mixamorig_Neck-Matrix-animation-output-transform"><float_array id="mixamorig_Neck-Matrix-animation-output-transform-array" count="352">

0.999970 0.004850 -0.005963 -0.000000 -0.004440 0.997744 0.066992 16.671700 0.006275 -0.066963 0.997736 -2.516200 0.000000 0.000000 0.000000 1.000000
0.999451 0.001539 -0.033081 0.000000 0.000453 0.998191 0.060114 16.671700 0.033114 -0.060096 0.997643 -2.516200 0.000000 0.000000 0.000000 1.000000
0.998808 0.024033 -0.042475 0.000000 -0.022016 0.998636 0.047342 16.671700 0.043555 -0.046350 0.997975 -2.516200 0.000000 0.000000 0.000000 1.000000
0.998440 0.001062 -0.055820 0.000000 0.001547 0.998909 0.046665 16.671700 0.055808 -0.046679 0.997350 -2.516200 0.000000 0.000000 0.000000 1.000000
0.997804 0.000383 -0.066231 -0.000000 0.002044 0.999329 0.036576 16.671700 0.066201 -0.036631 0.997134 -2.516200 0.000000 0.000000 0.000000 1.000000
0.997510 0.027251 -0.065054 -0.000000 -0.025981 0.999457 0.020290 16.671700 0.065572 -0.018550 0.997675 -2.516200 0.000000 0.000000 0.000000 1.000000
0.997994 0.017706 -0.060787 0.000000 -0.016365 0.999613 0.022500 16.671700 0.061162 -0.021460 0.997897 -2.516200 0.000000 0.000000 0.000000 1.000000
0.998711 0.015572 -0.048306 -0.000000 -0.014423 0.999607 0.024055 16.671700 0.048661 -0.023327 0.998543 -2.516200 0.000000 0.000000 0.000000 1.000000
0.999365 0.012953 -0.033180 0.000000 -0.011970 0.999489 0.029650 16.671700 0.033547 -0.029234 0.999009 -2.516200 0.000000 0.000000 0.000000 1.000000
0.999843 0.001727 -0.017623 0.000000 -0.000798 0.998614 0.052624 16.671700 0.017690 -0.052602 0.998459 -2.516200 0.000000 0.000000 0.000000 1.000000
0.999684 -0.025064 -0.001698 0.000000 0.025121 0.997686 0.063180 16.671700 0.000111 -0.063203 0.998001 -2.516200 0.000000 0.000000 0.000000 1.000000
0.999763 -0.007244 0.020518 0.000000 0.006205 0.998717 0.050261 16.671700 -0.020856 -0.050122 0.998525 -2.516200 0.000000 0.000000 0.000000 1.000000
0.998745 -0.035298 0.035540 0.000000 0.033788 0.998537 0.042224 16.671700 -0.036978 -0.040970 0.998476 -2.516200 0.000000 0.000000 0.000000 1.000000
0.997978 -0.027544 0.057276 0.000000 0.024968 0.998665 0.045213 16.671700 -0.058445 -0.043691 0.997334 -2.516200 0.000000 0.000000 0.000000 1.000000
0.996738 0.001946 0.080686 -0.000000 -0.006437 0.998442 0.055434 16.671700 -0.080452 -0.055773 0.995197 -2.516200 0.000000 0.000000 0.000000 1.000000
0.996210 -0.012509 0.086080 0.000000 0.008744 0.998995 0.043969 16.671700 -0.086544 -0.043050 0.995317 -2.516200 0.000000 0.000000 0.000000 1.000000
0.995533 -0.045314 0.082830 0.000000 0.043698 0.998819 0.021221 16.671700 -0.083694 -0.017507 0.996338 -2.516200 0.000000 0.000000 0.000000 1.000000
0.995363 -0.055968 0.078236 0.000000 0.054279 0.998248 0.023564 16.671700 -0.079418 -0.019208 0.996656 -2.516200 0.000000 0.000000 0.000000 1.000000
0.996859 -0.033754 0.071638 0.000000 0.030571 0.998516 0.045065 16.671700 -0.073053 -0.042734 0.996412 -2.516200 0.000000 0.000000 0.000000 1.000000
0.998311 -0.000334 0.058088 0.000000 -0.003354 0.997983 0.063388 16.671700 -0.057992 -0.063476 0.996297 -2.516200 0.000000 0.000000 0.000000 1.000000
0.999499 0.008562 0.030467 0.000000 -0.010556 0.997771 0.065892 16.671700 -0.029835 -0.066181 0.997362 -2.516200 0.000000 0.000000 0.000000 1.000000
0.999970 0.004850 -0.005963 -0.000000 -0.004440 0.997744 0.066992 16.671700 0.006275 -0.066963 0.997736 -2.516200 0.000000 0.000000 0.000000 1.000000</float_array><technique_common><accessor source="#mixamorig_Neck-Matrix-animation-output-transform-array" count="22" stride="16"><param type="float4x4"/></accessor></technique_common></source><source id="mixamorig_Neck-Interpolations"><Name_array id="mixamorig_Neck-Interpolations-array" count="22">
 LINEAR LINEAR LINEAR LINEAR LINEAR LINEAR LINEAR LINEAR LINEAR LINEAR LINEAR
LINEAR LINEAR LINEAR LINEAR LINEAR LINEAR LINEAR LINEAR LINEAR LINEAR LINEAR</Name_array><technique_common><accessor source="#mixamorig_Neck-Interpolations-array" count="22"><param type="name"/></accessor></technique_common></source><sampler id="mixamorig_Neck-Matrix-animation-transform"><input semantic="INPUT" source="#mixamorig_Neck-Matrix-animation-input"/><input semantic="OUTPUT" source="#mixamorig_Neck-Matrix-animation-output-transform"/><input semantic="INTERPOLATION" source="#mixamorig_Neck-Interpolations"/></sampler><channel source="#mixamorig_Neck-Matrix-animation-transform" target="mixamorig_Neck/matrix"/></animation>
    <animation id="mixamorig_Head-anim" name="mixamorig_Head"><source id="mixamorig_Head-Matrix-animation-input"><float_array id="mixamorig_Head-Matrix-animation-input-array" count="22">

0.000000 0.033333 0.066667 0.100000 0.133333 0.166667 0.200000 0.233333 0.266667 0.300000 0.333333 0.366667 0.400000 0.433333 0.466667 0.500000
0.533333 0.566667 0.600000 0.633333 0.666667 0.700000</float_array><technique_common><accessor source="#mixamorig_Head-Matrix-animation-input-array" count="22"><param name="TIME" type="float"/></accessor></technique_common></source><source id="mixamorig_Head-Matrix-animation-output-transform"><float_array id="mixamorig_Head-Matrix-animation-output-transform-array" count="352">

0.998399 0.054764 0.014124 0.000000 -0.056531 0.958949 0.277887 9.617900 0.001674 -0.278240 0.960510 1.685000 0.000000 0.000000 0.000000 1.000000
0.989400 0.074373 -0.124724 0.000000 -0.039607 0.964536 0.260961 9.617900 0.139709 -0.253255 0.957258 1.685000 0.000000 0.000000 0.000000 1.000000
0.971698 0.020755 -0.235311 0.000000 0.025127 0.981400 0.190323 9.617900 0.234885 -0.190849 0.953103 1.685000 0.000000 0.000000 0.000000 1.000000
0.952070 -0.005717 -0.305826 0.000000 0.047649 0.990392 0.129822 9.617900 0.302145 -0.138172 0.943195 1.685000 0.000000 0.000000 0.000000 1.000000
0.917800 -0.036765 -0.395336 0.000000 0.074311 0.994015 0.080078 9.617900 0.390026 -0.102874 0.915039 1.685000 0.000000 0.000000 0.000000 1.000000
0.896920 -0.064710 -0.437432 0.000000 0.087056 0.995715 0.031204 9.617900 0.433539 -0.066068 0.898710 1.685000 0.000000 0.000000 0.000000 1.000000
0.915019 -0.058461 -0.399153 0.000000 0.068296 0.997610 0.010449 9.617900 0.397588 -0.036822 0.916825 1.685000 0.000000 0.000000 0.000000 1.000000
0.944794 -0.049934 -0.323837 -0.000000 0.060101 0.997962 0.021463 9.617900 0.322105 -0.039741 0.945869 1.685000 0.000000 0.000000 0.000000 1.000000
0.972025 -0.043426 -0.230828 0.000000 0.055662 0.997354 0.046763 9.617900 0.228187 -0.058303 0.971870 1.685000 0.000000 0.000000 0.000000 1.000000
0.991883 -0.023806 -0.124905 0.000000 0.039931 0.990940 0.128233 9.617900 0.120720 -0.132180 0.983847 1.685000 0.000000 0.000000 0.000000 1.000000
0.999641 -0.024602 0.010616 0.000000 0.021865 0.977981 0.207544 9.617900 -0.015488 -0.207237 0.978168 1.685000 0.000000 0.000000 0.000000 1.000000
0.993009 -0.041417 0.110537 0.000000 0.016527 0.975983 0.217218 9.617900 -0.116879 -0.213873 0.969844 1.685000 0.000000 0.000000 0.000000 1.000000
0.969125 -0.017091 0.245977 0.000000 -0.036029 0.977072 0.209841 9.617900 -0.243923 -0.212224 0.946289 1.685000 0.000000 0.000000 0.000000 1.000000
0.929141 -0.000617 0.369726 0.000000 -0.067609 0.982854 0.171545 9.617900 -0.363493 -0.184386 0.913168 1.685000 0.000000 0.000000 0.000000 1.000000
0.885980 0.006699 0.463675 0.000000 -0.065702 0.991622 0.111217 9.617900 -0.459045 -0.129000 0.878998 1.685000 0.000000 0.000000 0.000000 1.000000
0.853810 0.024106 0.520027 0.000000 -0.067856 0.995558 0.065260 9.617900 -0.516144 -0.091007 0.851653 1.685000 0.000000 0.000000 0.000000 1.000000
0.844130 0.035657 0.534951 -0.000000 -0.078285 0.995289 0.057190 9.617900 -0.530392 -0.090154 0.842945 1.685000 0.000000 0.000000 0.000000 1.000000
0.858920 0.020918 0.511682 0.000000 -0.079488 0.992502 0.092855 9.617900 -0.505903 -0.120427 0.854143 1.685000 0.000000 0.000000 0.000000 1.000000
0.893553 0.005191 0.448928 0.000000 -0.076349 0.987125 0.140553 9.617900 -0.442419 -0.159866 0.882445 1.685000 0.000000 0.000000 0.000000 1.000000
0.943098 0.003113 0.332499 -0.000000 -0.062970 0.983534 0.169399 9.617900 -0.326497 -0.180698 0.927765 1.685000 0.000000 0.000000 0.000000 1.000000
0.982797 0.010230 0.184404 -0.000000 -0.050468 0.975338 0.214869 9.617900 -0.177658 -0.220479 0.959076 1.685000 0.000000 0.000000 0.000000 1.000000
0.998399 0.054764 0.014124 0.000000 -0.056531 0.958949 0.277887 9.617900 0.001674 -0.278240 0.960510 1.685000 0.000000 0.000000 0.000000 1.000000</float_array><technique_common><accessor source="#mixamorig_Head-Matrix-animation-output-transform-array" count="22" stride="16"><param type="float4x4"/></accessor></technique_common></source><source id="mixamorig_Head-Interpolations"><Name_array id="mixamorig_Head-Interpolations-array" count="22">
 LINEAR LINEAR LINEAR LINEAR LINEAR LINEAR LINEAR LINEAR LINEAR LINEAR LINEAR
LINEAR LINEAR LINEAR LINEAR LINEAR LINEAR LINEAR LINEAR LINEAR LINEAR LINEAR</Name_array><technique_common><accessor source="#mixamorig_Head-Interpolations-array" count="22"><param type="name"/></accessor></technique_common></source><sampler id="mixamorig_Head-Matrix-animation-transform"><input semantic="INPUT" source="#mixamorig_Head-Matrix-animation-input"/><input semantic="OUTPUT" source="#mixamorig_Head-Matrix-animation-output-transform"/><input semantic="INTERPOLATION" source="#mixamorig_Head-Interpolations"/></sampler><channel source="#mixamorig_Head-Matrix-animation-transform" target="mixamorig_Head/matrix"/></animation>
    <animation id="mixamorig_LeftShoulder-anim" name="mixamorig_LeftShoulder"><source id="mixamorig_LeftShoulder-Matrix-animation-input"><float_array id="mixamorig_LeftShoulder-Matrix-animation-input-array" count="22">

0.000000 0.033333 0.066667 0.100000 0.133333 0.166667 0.200000 0.233333 0.266667 0.300000 0.333333 0.366667 0.400000 0.433333 0.466667 0.500000
0.533333 0.566667 0.600000 0.633333 0.666667 0.700000</float_array><technique_common><accessor source="#mixamorig_LeftShoulder-Matrix-animation-input-array" count="22"><param name="TIME" type="float"/></accessor></technique_common></source><source id="mixamorig_LeftShoulder-Matrix-animation-output-transform"><float_array id="mixamorig_LeftShoulder-Matrix-animation-output-transform-array" count="352">

0.976173 0.203532 -0.075233 4.570400 -0.204818 0.978752 -0.009707 10.946000 0.071658 0.024885 0.997119 -2.628000 0.000000 0.000000 0.000000 1.000000
0.980511 0.181975 -0.074045 4.570400 -0.183191 0.983027 -0.009907 10.946000 0.070985 0.023279 0.997206 -2.628000 0.000000 0.000000 0.000000 1.000000
0.988885 0.146050 -0.027850 4.570400 -0.146363 0.989185 -0.009540 10.946000 0.026155 0.013510 0.999567 -2.628000 0.000000 0.000000 0.000000 1.000000
0.994821 0.100493 0.015245 4.570400 -0.100393 0.994922 -0.007222 10.946000 -0.015893 0.005654 0.999858 -2.628000 0.000000 0.000000 0.000000 1.000000
0.999370 0.033344 0.012120 4.570400 -0.033284 0.999433 -0.005090 10.946000 -0.012283 0.004683 0.999914 -2.628000 0.000000 0.000000 0.000000 1.000000
0.999973 -0.000115 0.007316 4.570400 0.000132 0.999997 -0.002406 10.946000 -0.007315 0.002406 0.999970 -2.628000 0.000000 0.000000 0.000000 1.000000
0.999871 -0.006838 0.014553 4.570400 0.006843 0.999977 -0.000315 10.946000 -0.014550 0.000415 0.999894 -2.628000 0.000000 0.000000 0.000000 1.000000
0.999828 0.016397 -0.008689 4.570400 -0.016451 0.999845 -0.006201 10.946000 0.008586 0.006343 0.999943 -2.628000 0.000000 0.000000 0.000000 1.000000
0.992324 0.103234 -0.068082 4.570400 -0.104174 0.994505 -0.010401 10.946000 0.066634 0.017414 0.997625 -2.628000 0.000000 0.000000 0.000000 1.000000
0.966257 0.215303 -0.141392 4.570400 -0.218600 0.975782 -0.008026 10.946000 0.136240 0.038664 0.989921 -2.628000 0.000000 0.000000 0.000000 1.000000
0.955953 0.247018 -0.158543 4.570400 -0.251092 0.967945 -0.005882 10.946000 0.152008 0.045432 0.987335 -2.628000 0.000000 0.000000 0.000000 1.000000
0.956588 0.236901 -0.169756 4.570400 -0.241402 0.970406 -0.006079 10.946000 0.163292 0.046795 0.985467 -2.628000 0.000000 0.000000 0.000000 1.000000
0.967340 0.165903 -0.191648 4.570400 -0.170961 0.985227 -0.010046 10.946000 0.187150 0.042482 0.981412 -2.628000 0.000000 0.000000 0.000000 1.000000
0.979476 0.119440 -0.162362 4.570400 -0.123097 0.992314 -0.012619 10.946000 0.159607 0.032346 0.986651 -2.628000 0.000000 0.000000 0.000000 1.000000
0.987908 0.100000 -0.118479 4.570400 -0.102154 0.994693 -0.012233 10.946000 0.116627 0.024188 0.992881 -2.628000 0.000000 0.000000 0.000000 1.000000
0.992544 0.078098 -0.093575 4.570400 -0.079542 0.996762 -0.011786 10.946000 0.092352 0.019141 0.995542 -2.628000 0.000000 0.000000 0.000000 1.000000
0.994830 0.059331 -0.082423 4.570400 -0.060480 0.998103 -0.011516 10.946000 0.081583 0.016441 0.996531 -2.628000 0.000000 0.000000 0.000000 1.000000
0.994594 0.060766 -0.084200 4.570400 -0.061957 0.998011 -0.011608 10.946000 0.083327 0.016762 0.996381 -2.628000 0.000000 0.000000 0.000000 1.000000
0.991639 0.099111 -0.082642 4.570400 -0.100356 0.994890 -0.011033 10.946000 0.081126 0.019235 0.996518 -2.628000 0.000000 0.000000 0.000000 1.000000
0.983644 0.156862 -0.088536 4.570400 -0.158377 0.987325 -0.010310 10.946000 0.085796 0.024164 0.996020 -2.628000 0.000000 0.000000 0.000000 1.000000
0.981367 0.178889 -0.070124 4.570400 -0.180013 0.983613 -0.009994 10.946000 0.067187 0.022431 0.997488 -2.628000 0.000000 0.000000 0.000000 1.000000
0.976173 0.203532 -0.075232 4.570400 -0.204818 0.978752 -0.009707 10.946000 0.071658 0.024885 0.997119 -2.628000 0.000000 0.000000 0.000000 1.000000</float_array><technique_common><accessor source="#mixamorig_LeftShoulder-Matrix-animation-output-transform-array" count="22" stride="16"><param type="float4x4"/></accessor></technique_common></source><source id="mixamorig_LeftShoulder-Interpolations"><Name_array id="mixamorig_LeftShoulder-Interpolations-array" count="22">
 LINEAR LINEAR LINEAR LINEAR LINEAR LINEAR LINEAR LINEAR LINEAR LINEAR LINEAR
LINEAR LINEAR LINEAR LINEAR LINEAR LINEAR LINEAR LINEAR LINEAR LINEAR LINEAR</Name_array><technique_common><accessor source="#mixamorig_LeftShoulder-Interpolations-array" count="22"><param type="name"/></accessor></technique_common></source><sampler id="mixamorig_LeftShoulder-Matrix-animation-transform"><input semantic="INPUT" source="#mixamorig_LeftShoulder-Matrix-animation-input"/><input semantic="OUTPUT" source="#mixamorig_LeftShoulder-Matrix-animation-output-transform"/><input semantic="INTERPOLATION" source="#mixamorig_LeftShoulder-Interpolations"/></sampler><channel source="#mixamorig_LeftShoulder-Matrix-animation-transform" target="mixamorig_LeftShoulder/matrix"/></animation>
    <animation id="mixamorig_LeftArm-anim" name="mixamorig_LeftArm"><source id="mixamorig_LeftArm-Matrix-animation-input"><float_array id="mixamorig_LeftArm-Matrix-animation-input-array" count="22">

0.000000 0.033333 0.066667 0.100000 0.133333 0.166667 0.200000 0.233333 0.266667 0.300000 0.333333 0.366667 0.400000 0.433333 0.466667 0.500000
0.533333 0.566667 0.600000 0.633333 0.666667 0.700000</float_array><technique_common><accessor source="#mixamorig_LeftArm-Matrix-animation-input-array" count="22"><param name="TIME" type="float"/></accessor></technique_common></source><source id="mixamorig_LeftArm-Matrix-animation-output-transform"><float_array id="mixamorig_LeftArm-Matrix-animation-output-transform-array" count="352">

0.555469 0.827286 -0.083974 10.592400 -0.817088 0.524282 -0.239781 -0.524600 -0.154342 0.201805 0.967188 -2.232100 0.000000 0.000000 0.000000 1.000000
0.583037 0.811072 -0.047217 10.592400 -0.776598 0.539297 -0.325659 -0.524600 -0.238669 0.226540 0.944307 -2.232100 0.000000 0.000000 0.000000 1.000000
0.615751 0.786211 -0.052186 10.592400 -0.711083 0.525938 -0.466638 -0.524600 -0.339429 0.324441 0.882908 -2.232100 0.000000 0.000000 0.000000 1.000000
0.658661 0.750051 -0.059908 10.592400 -0.636249 0.512680 -0.576495 -0.524600 -0.401687 0.417831 0.814902 -2.232100 0.000000 0.000000 0.000000 1.000000
0.666946 0.740277 -0.084687 10.592400 -0.589460 0.454687 -0.667681 -0.524600 -0.455763 0.495227 0.739615 -2.232100 0.000000 0.000000 0.000000 1.000000
0.659310 0.747423 -0.081660 10.592400 -0.554978 0.410503 -0.723523 -0.524600 -0.507256 0.522346 0.685453 -2.232100 0.000000 0.000000 0.000000 1.000000
0.620118 0.783099 -0.047010 10.592400 -0.553221 0.394023 -0.733956 -0.524600 -0.556237 0.481146 0.677568 -2.232100 0.000000 0.000000 0.000000 1.000000
0.558584 0.829448 0.000665 10.592400 -0.596932 0.402554 -0.693990 -0.524600 -0.575896 0.387255 0.719985 -2.232100 0.000000 0.000000 0.000000 1.000000
0.545012 0.835056 0.075120 10.592400 -0.662200 0.483679 -0.572317 -0.524600 -0.514250 0.262176 0.816585 -2.232100 0.000000 0.000000 0.000000 1.000000
0.593429 0.793138 0.137019 10.592400 -0.741639 0.604964 -0.289811 -0.524600 -0.312752 0.070364 0.947225 -2.232100 0.000000 0.000000 0.000000 1.000000
0.575400 0.817739 0.014715 10.592400 -0.814621 0.571418 0.099374 -0.524600 0.072854 -0.069167 0.994941 -2.232100 0.000000 0.000000 0.000000 1.000000
0.492020 0.869379 -0.045788 10.592400 -0.802616 0.473353 0.362966 -0.524600 0.337229 -0.141837 0.930677 -2.232100 0.000000 0.000000 0.000000 1.000000
0.470307 0.881890 -0.032879 10.592400 -0.790358 0.437484 0.428884 -0.524600 0.392613 -0.175721 0.902761 -2.232100 0.000000 0.000000 0.000000 1.000000
0.502796 0.858667 -0.099440 10.592400 -0.775821 0.499002 0.386134 -0.524600 0.381181 -0.116999 0.917067 -2.232100 0.000000 0.000000 0.000000 1.000000
0.603386 0.782757 -0.152370 10.592400 -0.736913 0.620333 0.268602 -0.524600 0.304770 -0.049788 0.951124 -2.232100 0.000000 0.000000 0.000000 1.000000
0.705597 0.682908 -0.189130 10.592400 -0.663755 0.730407 0.161043 -0.524600 0.248120 0.011904 0.968656 -2.232100 0.000000 0.000000 0.000000 1.000000
0.743292 0.649101 -0.161820 10.592400 -0.649215 0.758270 0.059554 -0.524600 0.161360 0.060791 0.985022 -2.232100 0.000000 0.000000 0.000000 1.000000
0.709566 0.696090 -0.109433 10.592400 -0.701002 0.713098 -0.009378 -0.524600 0.071509 0.083367 0.993950 -2.232100 0.000000 0.000000 0.000000 1.000000
0.637504 0.766671 -0.076182 10.592400 -0.770188 0.631601 -0.088832 -0.524600 -0.019988 0.115306 0.993129 -2.232100 0.000000 0.000000 0.000000 1.000000
0.562025 0.822671 -0.085674 10.592400 -0.821839 0.543746 -0.170060 -0.524600 -0.093318 0.165988 0.981702 -2.232100 0.000000 0.000000 0.000000 1.000000
0.519005 0.847441 -0.111704 10.592400 -0.845783 0.490241 -0.210508 -0.524600 -0.123631 0.203732 0.971189 -2.232100 0.000000 0.000000 0.000000 1.000000
0.555469 0.827286 -0.083974 10.592400 -0.817088 0.524282 -0.239781 -0.524600 -0.154342 0.201805 0.967188 -2.232100 0.000000 0.000000 0.000000 1.000000</float_array><technique_common><accessor source="#mixamorig_LeftArm-Matrix-animation-output-transform-array" count="22" stride="16"><param type="float4x4"/></accessor></technique_common></source><source id="mixamorig_LeftArm-Interpolations"><Name_array id="mixamorig_LeftArm-Interpolations-array" count="22">
