<?xml version="1.0" encoding="utf-8"?>
<COLLADA xmlns="http://www.collada.org/2005/11/COLLADASchema" version="1.4.1">
  <asset><contributor><author>Mixamo</author><authoring_tool>COLLADA Mixamo exporter</authoring_tool><comments></comments></contributor><created>2020-07-03T04:32:19Z</created><modified>2020-07-03T04:32:19Z</modified><revision></revision><title></title><unit meter="0.010000"/><up_axis>Y_UP</up_axis></asset>
  <library_animations>
    <animation id="Hips-anim" name="Hips"><source id="Hips-Matrix-animation-input"><float_array id="Hips-Matrix-animation-input-array" count="25">

0.000000 0.033333 0.066667 0.100000 0.133333 0.166667 0.200000 0.233333 0.266667 0.300000 0.333333 0.366667 0.400000 0.433333 0.466667 0.500000
0.533333 0.566667 0.600000 0.633333 0.666667 0.700000 0.733333 0.766667 0.800000</float_array><technique_common><accessor source="#Hips-Matrix-animation-input-array" count="25"><param name="TIME" type="float"/></accessor></technique_common></source><source id="Hips-Matrix-animation-output-transform"><float_array id="Hips-Matrix-animation-output-transform-array" count="400">

0.999129 -0.022477 -0.035152 0.226180 0.024138 0.998576 0.047581 88.777184 0.034033 -0.048388 0.998249 0.187472 0.000000 0.000000 0.000000 1.000000
0.995433 -0.052219 -0.079912 -0.081734 0.054405 0.998195 0.025421 89.921127 0.078440 -0.029652 0.996478 10.873816 0.000000 0.000000 0.000000 1.000000
0.990179 -0.079286 -0.115150 -0.035286 0.079193 0.996845 -0.005385 91.333336 0.115214 -0.003787 0.993333 21.693321 0.000000 0.000000 0.000000 1.000000
0.986324 -0.094161 -0.135271 0.310230 0.088960 0.995063 -0.044004 92.798302 0.138747 0.031369 0.989831 32.963436 0.000000 0.000000 0.000000 1.000000
0.985195 -0.097489 -0.141023 0.925345 0.085261 0.992258 -0.090306 94.016083 0.148735 0.076945 0.985879 44.876015 0.000000 0.000000 0.000000 1.000000
0.985344 -0.095248 -0.141512 1.776971 0.078702 0.989860 -0.118250 94.688904 0.151340 0.105380 0.982849 57.378250 0.000000 0.000000 0.000000 1.000000
0.984756 -0.093403 -0.146737 2.690709 0.075197 0.989295 -0.125065 94.603294 0.156848 0.112124 0.981237 69.898239 0.000000 0.000000 0.000000 1.000000
0.982582 -0.094684 -0.159900 3.622882 0.077145 0.990646 -0.112556 93.500473 0.169061 0.098260 0.980695 81.944183 0.000000 0.000000 0.000000 1.000000
0.981066 -0.093368 -0.169684 4.685815 0.079211 0.992932 -0.088382 91.998848 0.176737 0.073268 0.981527 93.180038 0.000000 0.000000 0.000000 1.000000
0.982907 -0.093619 -0.158525 5.789606 0.083920 0.994229 -0.066825 90.566040 0.163866 0.052379 0.985091 103.962593 0.000000 0.000000 0.000000 1.000000
0.989021 -0.097366 -0.111164 6.781476 0.090751 0.993872 -0.063103 89.163536 0.116627 0.052322 0.991797 113.986580 0.000000 0.000000 0.000000 1.000000
0.995046 -0.094633 -0.030451 7.690914 0.093203 0.994612 -0.045396 88.028969 0.034583 0.042333 0.998505 124.068886 0.000000 0.000000 0.000000 1.000000
0.995002 -0.082276 0.056585 8.231429 0.084012 0.996042 -0.029022 87.860260 -0.053974 0.033631 0.997976 133.860428 0.000000 0.000000 0.000000 1.000000
0.990639 -0.062400 0.121414 8.628635 0.064130 0.997888 -0.010387 88.426155 -0.120509 0.018076 0.992548 143.962372 0.000000 0.000000 0.000000 1.000000
0.987390 -0.041103 0.152876 8.742554 0.040954 0.999153 0.004128 89.581184 -0.152916 0.002184 0.988237 154.302185 0.000000 0.000000 0.000000 1.000000
0.988531 -0.021958 0.149415 8.563755 0.020114 0.999702 0.013845 91.200653 -0.149674 -0.010681 0.988678 165.082504 0.000000 0.000000 0.000000 1.000000
0.990485 -0.010678 0.137206 8.116140 0.007454 0.999684 0.023991 92.462448 -0.137419 -0.022740 0.990252 176.467667 0.000000 0.000000 0.000000 1.000000
0.991469 -0.006972 0.130156 7.269894 0.002427 0.999383 0.035050 93.073021 -0.130320 -0.034435 0.990874 188.522186 0.000000 0.000000 0.000000 1.000000
0.991499 -0.003869 0.130055 6.161975 -0.001141 0.999261 0.038427 92.908951 -0.130107 -0.038248 0.990762 200.868759 0.000000 0.000000 0.000000 1.000000
0.991692 0.002624 0.128605 4.884692 -0.009252 0.998658 0.050965 91.642845 -0.128299 -0.051732 0.990385 213.011124 0.000000 0.000000 0.000000 1.000000
0.993134 0.006612 0.116797 3.507663 -0.013788 0.998059 0.060737 90.041817 -0.116168 -0.061930 0.991297 224.429718 0.000000 0.000000 0.000000 1.000000
0.995573 0.013142 0.093064 2.203201 -0.018933 0.997920 0.061627 88.639633 -0.092061 -0.063116 0.993751 235.481003 0.000000 0.000000 0.000000 1.000000
0.998257 0.014453 0.057224 1.275039 -0.018026 0.997887 0.062427 88.065460 -0.056201 -0.063350 0.996408 246.136337 0.000000 0.000000 0.000000 1.000000
0.999912 0.003286 0.012838 0.572430 -0.004059 0.998151 0.060647 88.107346 -0.012615 -0.060694 0.998077 256.721466 0.000000 0.000000 0.000000 1.000000
0.999153 -0.021422 -0.035132 0.223777 0.023105 0.998569 0.048230 88.776909 0.034049 -0.049001 0.998218 267.210266 0.000000 0.000000 0.000000 1.000000</float_array><technique_common><accessor source="#Hips-Matrix-animation-output-transform-array" count="25" stride="16"><param type="float4x4"/></accessor></technique_common></source><source id="Hips-Interpolations"><Name_array id="Hips-Interpolations-array" count="25">
 LINEAR LINEAR LINEAR LINEAR LINEAR LINEAR LINEAR LINEAR LINEAR LINEAR LINEAR
LINEAR LINEAR LINEAR LINEAR LINEAR LINEAR LINEAR LINEAR LINEAR LINEAR LINEAR LINEAR
LINEAR LINEAR</Name_array><technique_common><accessor source="#Hips-Interpolations-array" count="25"><param type="name"/></accessor></technique_common></source><sampler id="Hips-Matrix-animation-transform"><input semantic="INPUT" source="#Hips-Matrix-animation-input"/><input semantic="OUTPUT" source="#Hips-Matrix-animation-output-transform"/><input semantic="INTERPOLATION" source="#Hips-Interpolations"/></sampler><channel source="#Hips-Matrix-animation-transform" target="Hips/matrix"/></animation>
    <animation id="Spine-anim" name="Spine"><source id="Spine-Matrix-animation-input"><float_array id="Spine-Matrix-animation-input-array" count="25">

0.000000 0.033333 0.066667 0.100000 0.133333 0.166667 0.200000 0.233333 0.266667 0.300000 0.333333 0.366667 0.400000 0.433333 0.466667 0.500000
0.533333 0.566667 0.600000 0.633333 0.666667 0.700000 0.733333 0.766667 0.800000</float_array><technique_common><accessor source="#Spine-Matrix-animation-input-array" count="25"><param name="TIME" type="float"/></accessor></technique_common></source><source id="Spine-Matrix-animation-output-transform"><float_array id="Spine-Matrix-animation-output-transform-array" count="400">

0.986473 -0.158827 0.040559 0.000000 0.146910 0.746825 -0.648591 9.635200 0.072723 0.645776 0.760056 0.000000 0.000000 0.000000 0.000000 1.000000
0.991630 -0.102124 0.079003 -0.000000 0.129047 0.764040 -0.632131 9.635200 0.004195 0.637035 0.770824 -0.000000 0.000000 0.000000 0.000000 1.000000
0.992637 -0.042744 0.113339 0.000000 0.102934 0.790888 -0.603241 9.635200 -0.063853 0.610466 0.789465 0.000000 0.000000 0.000000 0.000000 1.000000
0.989545 0.009296 0.143923 0.000000 0.073903 0.824261 -0.561366 9.635200 -0.123849 0.566133 0.814957 -0.000000 0.000000 0.000000 0.000000 1.000000
0.983517 0.056406 0.171794 -0.000000 0.038664 0.862519 -0.504545 9.635200 -0.176635 0.502871 0.846121 -0.000000 0.000000 0.000000 0.000000 1.000000
0.974624 0.108195 0.195963 0.000000 -0.006683 0.889106 -0.457653 9.635200 -0.223748 0.444730 0.867267 -0.000000 0.000000 0.000000 0.000000 1.000000
0.962595 0.167182 0.213216 0.000000 -0.060874 0.900264 -0.431068 9.635200 -0.264018 0.401965 0.876766 0.000000 0.000000 0.000000 0.000000 1.000000
0.948309 0.227461 0.221296 0.000000 -0.113714 0.894577 -0.432206 9.635200 -0.296276 0.384700 0.874200 0.000000 0.000000 0.000000 0.000000 1.000000
0.936788 0.272386 0.219622 0.000000 -0.147442 0.876531 -0.458208 9.635200 -0.317315 0.396862 0.861285 0.000000 0.000000 0.000000 0.000000 1.000000
0.933597 0.297453 0.199797 0.000000 -0.164744 0.851472 -0.497850 9.635200 -0.318208 0.431876 0.843935 0.000000 0.000000 0.000000 0.000000 1.000000
0.942706 0.295727 0.154437 0.000000 -0.173496 0.829940 -0.530188 9.635200 -0.284964 0.473017 0.833696 0.000000 0.000000 0.000000 0.000000 1.000000
0.962898 0.254372 0.090122 0.000000 -0.160292 0.807760 -0.567301 9.635200 -0.217102 0.531807 0.818564 0.000000 0.000000 0.000000 0.000000 1.000000
0.983227 0.180172 0.028345 0.000000 -0.128786 0.795878 -0.591601 9.635200 -0.129149 0.578027 0.805733 0.000000 0.000000 0.000000 0.000000 1.000000
0.995223 0.095556 -0.019996 0.000000 -0.087791 0.786400 -0.611447 9.635200 -0.042702 0.610282 0.791033 -0.000000 0.000000 0.000000 0.000000 1.000000
0.998222 0.020297 -0.056046 -0.000000 -0.050871 0.780149 -0.623522 9.635200 0.031069 0.625265 0.779794 0.000000 0.000000 0.000000 0.000000 1.000000
0.995638 -0.037186 -0.085565 0.000000 -0.024268 0.782338 -0.622381 9.635200 0.090084 0.621743 0.778024 -0.000000 0.000000 0.000000 0.000000 1.000000
0.989470 -0.088289 -0.114691 0.000000 -0.000020 0.792325 -0.610100 9.635200 0.144738 0.603678 0.783980 0.000000 0.000000 0.000000 0.000000 1.000000
0.980717 -0.136017 -0.140332 0.000000 0.027297 0.806359 -0.590796 9.635200 0.193516 0.575574 0.794523 0.000000 0.000000 0.000000 0.000000 1.000000
0.971171 -0.180340 -0.155901 -0.000000 0.060873 0.819913 -0.569242 9.635200 0.230483 0.543341 0.807253 0.000000 0.000000 0.000000 0.000000 1.000000
0.963548 -0.218344 -0.154601 0.000000 0.093392 0.816029 -0.570417 9.635200 0.250706 0.535185 0.806674 -0.000000 0.000000 0.000000 0.000000 1.000000
0.962011 -0.235676 -0.137810 0.000000 0.112700 0.802578 -0.585804 9.635200 0.248663 0.548019 0.798650 0.000000 0.000000 0.000000 0.000000 1.000000
0.965423 -0.239213 -0.103608 0.000000 0.129150 0.784133 -0.607005 9.635200 0.226446 0.572636 0.787915 0.000000 0.000000 0.000000 0.000000 1.000000
0.972076 -0.227985 -0.055591 0.000000 0.142644 0.762177 -0.631458 9.635200 0.186333 0.605896 0.773415 0.000000 0.000000 0.000000 0.000000 1.000000
0.979663 -0.200603 -0.004324 0.000000 0.149892 0.745997 -0.648861 9.635200 0.133389 0.635017 0.760894 0.000000 0.000000 0.000000 0.000000 1.000000
0.986473 -0.158827 0.040555 0.000000 0.146907 0.746826 -0.648590 9.635200 0.072726 0.645774 0.760057 0.000000 0.000000 0.000000 0.000000 1.000000</float_array><technique_common><accessor source="#Spine-Matrix-animation-output-transform-array" count="25" stride="16"><param type="float4x4"/></accessor></technique_common></source><source id="Spine-Interpolations"><Name_array id="Spine-Interpolations-array" count="25">
 LINEAR LINEAR LINEAR LINEAR LINEAR LINEAR LINEAR LINEAR LINEAR LINEAR LINEAR
LINEAR LINEAR LINEAR LINEAR LINEAR LINEAR LINEAR LINEAR LINEAR LINEAR LINEAR LINEAR
LINEAR LINEAR</Name_array><technique_common><accessor source="#Spine-Interpolations-array" count="25"><param type="name"/></accessor></technique_common></source><sampler id="Spine-Matrix-animation-transform"><input semantic="INPUT" source="#Spine-Matrix-animation-input"/><input semantic="OUTPUT" source="#Spine-Matrix-animation-output-transform"/><input semantic="INTERPOLATION" source="#Spine-Interpolations"/></sampler><channel source="#Spine-Matrix-animation-transform" target="Spine/matrix"/></animation>
    <animation id="Spine1-anim" name="Spine1"><source id="Spine1-Matrix-animation-input"><float_array id="Spine1-Matrix-animation-input-array" count="25">

0.000000 0.033333 0.066667 0.100000 0.133333 0.166667 0.200000 0.233333 0.266667 0.300000 0.333333 0.366667 0.400000 0.433333 0.466667 0.500000
0.533333 0.566667 0.600000 0.633333 0.666667 0.700000 0.733333 0.766667 0.800000</float_array><technique_common><accessor source="#Spine1-Matrix-animation-input-array" count="25"><param name="TIME" type="float"/></accessor></technique_common></source><source id="Spine1-Matrix-animation-output-transform"><float_array id="Spine1-Matrix-animation-output-transform-array" count="400">

0.998975 -0.040719 -0.019760 0.000000 0.037928 0.991377 -0.125428 9.766500 0.024697 0.124550 0.991906 0.000000 0.000000 0.000000 0.000000 1.000000
0.999603 -0.027596 -0.005648 0.000000 0.026767 0.993043 -0.114668 9.766500 0.008773 0.114471 0.993388 -0.000000 0.000000 0.000000 0.000000 1.000000
0.999900 -0.011860 0.007687 0.000000 0.012599 0.994443 -0.104517 9.766500 -0.006404 0.104603 0.994493 -0.000000 0.000000 0.000000 0.000000 1.000000
0.999786 0.003954 0.020321 0.000000 -0.001989 0.995394 -0.095846 9.766500 -0.020606 0.095785 0.995189 0.000000 0.000000 0.000000 0.000000 1.000000
0.999304 0.018474 0.032397 0.000000 -0.015532 0.995928 -0.088804 9.766500 -0.033906 0.088239 0.995522 0.000000 0.000000 0.000000 0.000000 1.000000
0.998581 0.030879 0.043377 0.000000 -0.027055 0.995916 -0.086135 9.766500 -0.045860 0.084839 0.995339 0.000000 0.000000 0.000000 0.000000 1.000000
0.997847 0.040247 0.051774 -0.000000 -0.035419 0.995220 -0.091009 9.766500 -0.055190 0.088979 0.994503 0.000000 0.000000 0.000000 0.000000 1.000000
0.997354 0.045906 0.056363 0.000000 -0.039937 0.993898 -0.102819 9.766500 -0.060739 0.100296 0.993102 -0.000000 0.000000 0.000000 0.000000 1.000000
0.997365 0.045840 0.056229 0.000000 -0.039015 0.992366 -0.116996 9.766500 -0.061163 0.114494 0.991539 0.000000 0.000000 0.000000 0.000000 1.000000
0.997950 0.040061 0.049913 0.000000 -0.033267 0.990929 -0.130205 9.766500 -0.054676 0.128277 0.990230 -0.000000 0.000000 0.000000 0.000000 1.000000
0.998885 0.029594 0.036780 0.000000 -0.024112 0.989652 -0.141451 9.766500 -0.040586 0.140406 0.989262 -0.000000 0.000000 0.000000 0.000000 1.000000
0.999693 0.016481 0.018494 0.000000 -0.013504 0.988455 -0.150915 9.766500 -0.020767 0.150619 0.988374 0.000000 0.000000 0.000000 0.000000 1.000000
0.999993 0.003581 -0.001057 -0.000000 -0.003703 0.987360 -0.158451 9.766500 0.000476 0.158454 0.987366 0.000000 0.000000 0.000000 0.000000 1.000000
0.999782 -0.007708 -0.019386 0.000000 0.004458 0.986714 -0.162409 9.766500 0.020380 0.162287 0.986533 0.000000 0.000000 0.000000 0.000000 1.000000
0.999223 -0.015287 -0.036315 0.000000 0.009173 0.986596 -0.162925 9.766500 0.038319 0.162465 0.985970 -0.000000 0.000000 0.000000 0.000000 1.000000
0.998482 -0.017853 -0.052103 0.000000 0.009215 0.986825 -0.161527 9.766500 0.054300 0.160802 0.985492 0.000000 0.000000 0.000000 0.000000 1.000000
0.997503 -0.018774 -0.068079 0.000000 0.007674 0.987123 -0.159782 9.766500 0.070202 0.158860 0.984802 0.000000 0.000000 0.000000 0.000000 1.000000
0.996416 -0.021023 -0.081929 0.000000 0.007982 0.987668 -0.156361 9.766500 0.084206 0.155147 0.984296 0.000000 0.000000 0.000000 0.000000 1.000000
0.995607 -0.026464 -0.089812 0.000000 0.012400 0.988044 -0.153674 9.766500 0.092805 0.151885 0.984032 0.000000 0.000000 0.000000 0.000000 1.000000
0.995388 -0.034412 -0.089547 0.000000 0.020338 0.987928 -0.153575 9.766500 0.093751 0.151045 0.984071 0.000000 0.000000 0.000000 0.000000 1.000000
0.995749 -0.041863 -0.082051 0.000000 0.028852 0.987683 -0.153783 9.766500 0.087478 0.150761 0.984692 0.000000 0.000000 0.000000 0.000000 1.000000
0.996463 -0.048078 -0.068914 0.000000 0.037144 0.987686 -0.151975 9.766500 0.075372 0.148877 0.985979 0.000000 0.000000 0.000000 0.000000 1.000000
0.997319 -0.051336 -0.052150 0.000000 0.043218 0.988288 -0.146352 9.766500 0.059052 0.143706 0.987857 0.000000 0.000000 0.000000 0.000000 1.000000
0.998153 -0.049837 -0.034751 0.000000 0.044633 0.989546 -0.137135 9.766500 0.041222 0.135331 0.989943 0.000000 0.000000 0.000000 0.000000 1.000000
0.998975 -0.040724 -0.019760 -0.000000 0.037933 0.991377 -0.125426 9.766500 0.024697 0.124548 0.991906 0.000000 0.000000 0.000000 0.000000 1.000000</float_array><technique_common><accessor source="#Spine1-Matrix-animation-output-transform-array" count="25" stride="16"><param type="float4x4"/></accessor></technique_common></source><source id="Spine1-Interpolations"><Name_array id="Spine1-Interpolations-array" count="25">
 LINEAR LINEAR LINEAR LINEAR LINEAR LINEAR LINEAR LINEAR LINEAR LINEAR LINEAR
LINEAR LINEAR LINEAR LINEAR LINEAR LINEAR LINEAR LINEAR LINEAR LINEAR LINEAR LINEAR
LINEAR LINEAR</Name_array><technique_common><accessor source="#Spine1-Interpolations-array" count="25"><param type="name"/></accessor></technique_common></source><sampler id="Spine1-Matrix-animation-transform"><input semantic="INPUT" source="#Spine1-Matrix-animation-input"/><input semantic="OUTPUT" source="#Spine1-Matrix-animation-output-transform"/><input semantic="INTERPOLATION" source="#Spine1-Interpolations"/></sampler><channel source="#Spine1-Matrix-animation-transform" target="Spine1/matrix"/></animation>
    <animation id="Spine2-anim" name="Spine2"><source id="Spine2-Matrix-animation-input"><float_array id="Spine2-Matrix-animation-input-array" count="25">

0.000000 0.033333 0.066667 0.100000 0.133333 0.166667 0.200000 0.233333 0.266667 0.300000 0.333333 0.366667 0.400000 0.433333 0.466667 0.500000
0.533333 0.566667 0.600000 0.633333 0.666667 0.700000 0.733333 0.766667 0.800000</float_array><technique_common><accessor source="#Spine2-Matrix-animation-input-array" count="25"><param name="TIME" type="float"/></accessor></technique_common></source><source id="Spine2-Matrix-animation-output-transform"><float_array id="Spine2-Matrix-animation-output-transform-array" count="400">

0.999147 -0.037511 -0.017296 0.000000 0.035033 0.991376 -0.126279 9.815200 0.021883 0.125565 0.991844 0.000000 0.000000 0.000000 0.000000 1.000000
0.999689 -0.024655 -0.003755 0.000000 0.024057 0.993029 -0.115386 9.815200 0.006574 0.115260 0.993314 -0.000000 0.000000 0.000000 0.000000 1.000000
0.999919 -0.009247 0.008724 0.000000 0.010114 0.994403 -0.105172 9.815200 -0.007703 0.105251 0.994416 0.000000 0.000000 0.000000 0.000000 1.000000
0.999772 0.006125 0.020459 0.000000 -0.004123 0.995325 -0.096495 9.815200 -0.020955 0.096388 0.995123 -0.000000 0.000000 0.000000 0.000000 1.000000
0.999292 0.020168 0.031766 0.000000 -0.017253 0.995836 -0.089519 9.815200 -0.033439 0.088907 0.995478 0.000000 0.000000 0.000000 0.000000 1.000000
0.998593 0.032110 0.042191 0.000000 -0.028344 0.995805 -0.087005 9.815200 -0.044808 0.085687 0.995314 0.000000 0.000000 0.000000 0.000000 1.000000
0.997890 0.041043 0.050315 -0.000000 -0.036285 0.995091 -0.092070 9.815200 -0.053847 0.090050 0.994481 0.000000 0.000000 0.000000 0.000000 1.000000
0.997410 0.046454 0.054910 -0.000000 -0.040560 0.993754 -0.103963 9.815200 -0.059397 0.101466 0.993064 0.000000 0.000000 0.000000 0.000000 1.000000
0.997389 0.046647 0.055122 -0.000000 -0.039888 0.992222 -0.117916 9.815200 -0.060194 0.115409 0.991493 0.000000 0.000000 0.000000 0.000000 1.000000
0.997908 0.041641 0.049460 -0.000000 -0.034869 0.990813 -0.130667 9.815200 -0.054447 0.128669 0.990192 0.000000 0.000000 0.000000 0.000000 1.000000
0.998793 0.032175 0.037120 0.000000 -0.026621 0.989586 -0.141461 9.815200 -0.041285 0.140302 0.989248 0.000000 0.000000 0.000000 0.000000 1.000000
0.999605 0.020140 0.019616 0.000000 -0.016959 0.988445 -0.150630 9.815200 -0.022423 0.150238 0.988396 0.000000 0.000000 0.000000 0.000000 1.000000
0.999964 0.008415 0.000726 -0.000000 -0.008195 0.987383 -0.158139 9.815200 -0.002047 0.158127 0.987417 0.000000 0.000000 0.000000 0.000000 1.000000
0.999851 -0.001789 -0.017187 0.000000 -0.001026 0.986734 -0.162345 9.815200 0.017250 0.162338 0.986584 0.000000 0.000000 0.000000 0.000000 1.000000
0.999375 -0.008692 -0.034274 0.000000 0.002984 0.986588 -0.163206 9.815200 0.035233 0.163001 0.985997 -0.000000 0.000000 0.000000 0.000000 1.000000
0.998640 -0.010885 -0.050994 0.000000 0.002480 0.986778 -0.162057 9.815200 0.052084 0.161710 0.985463 0.000000 0.000000 0.000000 0.000000 1.000000
0.997613 -0.011672 -0.068053 0.000000 0.000609 0.987058 -0.160360 9.815200 0.069044 0.159936 0.984710 0.000000 0.000000 0.000000 0.000000 1.000000
0.996483 -0.013968 -0.082623 -0.000000 0.000828 0.987604 -0.156963 9.815200 0.083792 0.156343 0.984142 -0.000000 0.000000 0.000000 0.000000 1.000000
0.995674 -0.019555 -0.090838 -0.000000 0.005318 0.987993 -0.154407 9.815200 0.092767 0.153256 0.983823 0.000000 0.000000 0.000000 0.000000 1.000000
0.995494 -0.027837 -0.090644 0.000000 0.013559 0.987904 -0.154474 9.815200 0.093848 0.152549 0.983830 0.000000 0.000000 0.000000 0.000000 1.000000
0.995896 -0.036145 -0.082973 0.000000 0.022957 0.987692 -0.154716 9.815200 0.087544 0.152176 0.984469 -0.000000 0.000000 0.000000 0.000000 1.000000
0.996665 -0.043440 -0.069079 0.000000 0.032449 0.987701 -0.152951 9.815200 0.074874 0.150199 0.985816 -0.000000 0.000000 0.000000 0.000000 1.000000
0.997569 -0.047427 -0.051066 0.000000 0.039439 0.988288 -0.147416 9.815200 0.057459 0.145043 0.987755 0.000000 0.000000 0.000000 0.000000 1.000000
0.998401 -0.046257 -0.032485 -0.000000 0.041349 0.989540 -0.138204 9.815200 0.038538 0.136640 0.989871 0.000000 0.000000 0.000000 0.000000 1.000000
0.999146 -0.037516 -0.017295 0.000000 0.035038 0.991376 -0.126277 9.815200 0.021883 0.125564 0.991844 0.000000 0.000000 0.000000 0.000000 1.000000</float_array><technique_common><accessor source="#Spine2-Matrix-animation-output-transform-array" count="25" stride="16"><param type="float4x4"/></accessor></technique_common></source><source id="Spine2-Interpolations"><Name_array id="Spine2-Interpolations-array" count="25">
 LINEAR LINEAR LINEAR LINEAR LINEAR LINEAR LINEAR LINEAR LINEAR LINEAR LINEAR
LINEAR LINEAR LINEAR LINEAR LINEAR LINEAR LINEAR LINEAR LINEAR LINEAR LINEAR LINEAR
LINEAR LINEAR</Name_array><technique_common><accessor source="#Spine2-Interpolations-array" count="25"><param type="name"/></accessor></technique_common></source><sampler id="Spine2-Matrix-animation-transform"><input semantic="INPUT" source="#Spine2-Matrix-animation-input"/><input semantic="OUTPUT" source="#Spine2-Matrix-animation-output-transform"/><input semantic="INTERPOLATION" source="#Spine2-Interpolations"/></sampler><channel source="#Spine2-Matrix-animation-transform" target="Spine2/matrix"/></animation>
    <animation id="Neck-anim" name="Neck"><source id="Neck-Matrix-animation-input"><float_array id="Neck-Matrix-animation-input-array" count="25">

0.000000 0.033333 0.066667 0.100000 0.133333 0.166667 0.200000 0.233333 0.266667 0.300000 0.333333 0.366667 0.400000 0.433333 0.466667 0.500000
0.533333 0.566667 0.600000 0.633333 0.666667 0.700000 0.733333 0.766667 0.800000</float_array><technique_common><accessor source="#Neck-Matrix-animation-input-array" count="25"><param name="TIME" type="float"/></accessor></technique_common></source><source id="Neck-Matrix-animation-output-transform"><float_array id="Neck-Matrix-animation-output-transform-array" count="400">

0.998135 0.035698 0.049528 0.000000 -0.040520 0.994157 0.100049 31.180201 -0.045667 -0.101869 0.993749 -6.470500 0.000000 0.000000 0.000000 1.000000
0.997917 0.049251 0.041666 0.000000 -0.052423 0.995511 0.078803 31.180201 -0.037598 -0.080823 0.996019 -6.470500 0.000000 0.000000 0.000000 1.000000
0.997530 0.061819 0.033358 -0.000000 -0.063677 0.996291 0.057879 31.180201 -0.029656 -0.059860 0.997766 -6.470500 0.000000 0.000000 0.000000 1.000000
0.996962 0.073661 0.025326 0.000000 -0.074678 0.996328 0.041885 31.180201 -0.022148 -0.043649 0.998801 -6.470500 0.000000 0.000000 0.000000 1.000000
0.996157 0.085751 0.017838 0.000000 -0.086313 0.995702 0.033573 31.180201 -0.014882 -0.034984 0.999277 -6.470500 0.000000 0.000000 0.000000 1.000000
0.995023 0.099000 0.011305 0.000000 -0.099334 0.994459 0.034409 31.180201 -0.007836 -0.035360 0.999344 -6.470500 0.000000 0.000000 0.000000 1.000000
0.993528 0.113417 0.006173 0.000000 -0.113580 0.992504 0.045110 31.180201 -0.001010 -0.045519 0.998963 -6.470500 0.000000 0.000000 0.000000 1.000000
0.991801 0.127783 0.001683 -0.000000 -0.127636 0.989832 0.062775 31.180201 0.006355 -0.062475 0.998026 -6.470500 0.000000 0.000000 0.000000 1.000000
0.990038 0.140773 -0.002934 0.000000 -0.140058 0.986725 0.082198 31.180201 0.014466 -0.080968 0.996612 -6.470500 0.000000 0.000000 0.000000 1.000000
0.988579 0.150551 -0.006836 0.000000 -0.149182 0.984010 0.097313 31.180201 0.021378 -0.095182 0.995230 -6.470500 0.000000 0.000000 0.000000 1.000000
0.987884 0.154960 -0.008554 0.000000 -0.153260 0.982755 0.103459 31.180201 0.024439 -0.100894 0.994597 -6.470500 0.000000 0.000000 0.000000 1.000000
0.988491 0.151056 -0.008271 -0.000000 -0.149508 0.983785 0.099065 31.180201 0.023101 -0.096688 0.995047 -6.470500 0.000000 0.000000 0.000000 1.000000
0.990326 0.138580 -0.007021 0.000000 -0.137481 0.986805 0.085525 31.180201 0.018781 -0.083732 0.996311 -6.470500 0.000000 0.000000 0.000000 1.000000
0.992658 0.120876 -0.004453 -0.000000 -0.120352 0.990695 0.063549 31.180201 0.012093 -0.062546 0.997969 -6.470500 0.000000 0.000000 0.000000 1.000000
0.994908 0.100787 0.000848 0.000000 -0.100748 0.994211 0.037332 31.180201 0.002920 -0.037228 0.999303 -6.470500 0.000000 0.000000 0.000000 1.000000
0.996828 0.078896 0.010409 0.000000 -0.079049 0.996756 0.015154 31.180201 -0.009180 -0.015929 0.999831 -6.470500 0.000000 0.000000 0.000000 1.000000
0.997993 0.059117 0.022698 0.000000 -0.059081 0.998251 -0.002215 31.180201 -0.022789 0.000869 0.999740 -6.470500 0.000000 0.000000 0.000000 1.000000
0.998428 0.043114 0.035812 0.000000 -0.042906 0.999058 -0.006547 31.180201 -0.036061 0.005001 0.999337 -6.470500 0.000000 0.000000 0.000000 1.000000
0.998376 0.030991 0.047795 0.000000 -0.031365 0.999483 0.007102 31.180201 -0.047550 -0.008590 0.998832 -6.470500 0.000000 0.000000 0.000000 1.000000
0.998112 0.022153 0.057289 0.000000 -0.024273 0.999036 0.036586 31.180201 -0.056423 -0.037907 0.997687 -6.470500 0.000000 0.000000 0.000000 1.000000
0.997840 0.016779 0.063510 0.000000 -0.021413 0.997101 0.073017 31.180201 -0.062100 -0.074219 0.995307 -6.470500 0.000000 0.000000 0.000000 1.000000
0.997742 0.015443 0.065363 -0.000000 -0.022206 0.994325 0.104044 31.180201 -0.063385 -0.105260 0.992423 -6.470500 0.000000 0.000000 0.000000 1.000000
0.997880 0.018646 0.062353 0.000000 -0.026031 0.992455 0.119811 31.180201 -0.059648 -0.121181 0.990837 -6.470500 0.000000 0.000000 0.000000 1.000000
0.998085 0.025906 0.056165 0.000000 -0.032377 0.992541 0.117536 31.180201 -0.052701 -0.119129 0.991479 -6.470500 0.000000 0.000000 0.000000 1.000000
0.998135 0.035698 0.049528 0.000000 -0.040520 0.994157 0.100049 31.180201 -0.045667 -0.101869 0.993749 -6.470500 0.000000 0.000000 0.000000 1.000000</float_array><technique_common><accessor source="#Neck-Matrix-animation-output-transform-array" count="25" stride="16"><param type="float4x4"/></accessor></technique_common></source><source id="Neck-Interpolations"><Name_array id="Neck-Interpolations-array" count="25">
 LINEAR LINEAR LINEAR LINEAR LINEAR LINEAR LINEAR LINEAR LINEAR LINEAR LINEAR
LINEAR LINEAR LINEAR LINEAR LINEAR LINEAR LINEAR LINEAR LINEAR LINEAR LINEAR LINEAR
LINEAR LINEAR</Name_array><technique_common><accessor source="#Neck-Interpolations-array" count="25"><param type="name"/></accessor></technique_common></source><sampler id="Neck-Matrix-animation-transform"><input semantic="INPUT" source="#Neck-Matrix-animation-input"/><input semantic="OUTPUT" source="#Neck-Matrix-animation-output-transform"/><input semantic="INTERPOLATION" source="#Neck-Interpolations"/></sampler><channel source="#Neck-Matrix-animation-transform" target="Neck/matrix"/></animation>
    <animation id="Head-anim" name="Head"><source id="Head-Matrix-animation-input"><float_array id="Head-Matrix-animation-input-array" count="25">

0.000000 0.033333 0.066667 0.100000 0.133333 0.166667 0.200000 0.233333 0.266667 0.300000 0.333333 0.366667 0.400000 0.433333 0.466667 0.500000
0.533333 0.566667 0.600000 0.633333 0.666667 0.700000 0.733333 0.766667 0.800000</float_array><technique_common><accessor source="#Head-Matrix-animation-input-array" count="25"><param name="TIME" type="float"/></accessor></technique_common></source><source id="Head-Matrix-animation-output-transform"><float_array id="Head-Matrix-animation-output-transform-array" count="400">

0.950376 0.087937 0.298418 0.000000 -0.248543 0.791543 0.558288 14.622000 -0.187117 -0.604753 0.774120 4.742600 0.000000 0.000000 0.000000 1.000000
0.960290 0.103503 0.259097 0.000000 -0.237801 0.789335 0.566040 14.622000 -0.145927 -0.605176 0.782603 4.742600 0.000000 0.000000 0.000000 1.000000
0.971410 0.103860 0.213485 0.000000 -0.210596 0.792100 0.572911 14.622000 -0.109599 -0.601491 0.791326 4.742600 0.000000 0.000000 0.000000 1.000000
0.983428 0.085493 0.159876 0.000000 -0.163010 0.802936 0.573342 14.622000 -0.079354 -0.589902 0.803566 4.742600 0.000000 0.000000 0.000000 1.000000
0.994060 0.049648 0.096853 0.000000 -0.095921 0.820132 0.564076 14.622000 -0.051427 -0.570016 0.820023 4.742600 0.000000 0.000000 0.000000 1.000000
0.999639 0.003154 0.026669 -0.000000 -0.017262 0.836203 0.548149 14.622000 -0.020572 -0.548412 0.835955 4.742600 0.000000 0.000000 0.000000 1.000000
0.998116 -0.042566 -0.044196 0.000000 0.059651 0.841966 0.536223 14.622000 0.014387 -0.537849 0.842918 4.742600 0.000000 0.000000 0.000000 1.000000
0.991319 -0.076235 -0.107120 0.000000 0.122286 0.833900 0.538198 14.622000 0.048297 -0.546625 0.835983 4.742600 0.000000 0.000000 0.000000 1.000000
0.983534 -0.092634 -0.155176 0.000000 0.164589 0.813757 0.557414 14.622000 0.074640 -0.573776 0.815604 4.742600 0.000000 0.000000 0.000000 1.000000
0.978386 -0.095237 -0.183549 -0.000000 0.187160 0.785274 0.590183 14.622000 0.087928 -0.611780 0.786126 4.742600 0.000000 0.000000 0.000000 1.000000
0.977060 -0.092816 -0.191674 0.000000 0.194770 0.753453 0.627992 14.622000 0.086130 -0.650918 0.754247 4.742600 0.000000 0.000000 0.000000 1.000000
0.978980 -0.091485 -0.182288 0.000000 0.190948 0.725201 0.661530 14.622000 0.071676 -0.682432 0.727426 4.742600 0.000000 0.000000 0.000000 1.000000
0.983455 -0.089602 -0.157439 0.000000 0.174346 0.704138 0.688326 14.622000 0.049183 -0.704387 0.708110 4.742600 0.000000 0.000000 0.000000 1.000000
0.989662 -0.082997 -0.116963 0.000000 0.141818 0.687841 0.711873 14.622000 0.021368 -0.721101 0.692501 4.742600 0.000000 0.000000 0.000000 1.000000
0.995813 -0.069630 -0.059224 -0.000000 0.090749 0.675304 0.731936 14.622000 -0.010971 -0.734246 0.678795 4.742600 0.000000 0.000000 0.000000 1.000000
0.998593 -0.048804 0.020725 0.000000 0.017456 0.671690 0.740627 14.622000 -0.050066 -0.739223 0.671597 4.742600 0.000000 0.000000 0.000000 1.000000
0.993462 -0.024529 0.111500 -0.000000 -0.065368 0.678493 0.731693 14.622000 -0.093599 -0.734197 0.672453 4.742600 0.000000 0.000000 0.000000 1.000000
0.979683 -0.001538 0.200549 -0.000000 -0.142791 0.696831 0.702877 14.622000 -0.140829 -0.717233 0.682454 4.742600 0.000000 0.000000 0.000000 1.000000
0.961294 0.014844 0.275126 0.000000 -0.200118 0.723981 0.660154 14.622000 -0.189387 -0.689660 0.698929 4.742600 0.000000 0.000000 0.000000 1.000000
0.944309 0.023262 0.328235 -0.000000 -0.232511 0.753018 0.615551 14.622000 -0.232848 -0.657589 0.716490 4.742600 0.000000 0.000000 0.000000 1.000000
0.933000 0.027546 0.358819 0.000000 -0.245965 0.776644 0.579936 14.622000 -0.262700 -0.629337 0.731385 4.742600 0.000000 0.000000 0.000000 1.000000
0.929370 0.034228 0.367559 0.000000 -0.250084 0.790768 0.558699 14.622000 -0.271530 -0.611159 0.743476 4.742600 0.000000 0.000000 0.000000 1.000000
0.932972 0.048101 0.356721 0.000000 -0.251737 0.795545 0.551123 14.622000 -0.257278 -0.603983 0.754329 4.742600 0.000000 0.000000 0.000000 1.000000
0.940895 0.068250 0.331752 0.000000 -0.252527 0.794108 0.552831 14.622000 -0.225716 -0.603932 0.764407 4.742600 0.000000 0.000000 0.000000 1.000000
0.950376 0.087937 0.298418 0.000000 -0.248543 0.791543 0.558288 14.622000 -0.187117 -0.604753 0.774120 4.742600 0.000000 0.000000 0.000000 1.000000</float_array><technique_common><accessor source="#Head-Matrix-animation-output-transform-array" count="25" stride="16"><param type="float4x4"/></accessor></technique_common></source><source id="Head-Interpolations"><Name_array id="Head-Interpolations-array" count="25">
 LINEAR LINEAR LINEAR LINEAR LINEAR LINEAR LINEAR LINEAR LINEAR LINEAR LINEAR
LINEAR LINEAR LINEAR LINEAR LINEAR LINEAR LINEAR LINEAR LINEAR LINEAR LINEAR LINEAR
LINEAR LINEAR</Name_array><technique_common><accessor source="#Head-Interpolations-array" count="25"><param type="name"/></accessor></technique_common></source><sampler id="Head-Matrix-animation-transform"><input semantic="INPUT" source="#Head-Matrix-animation-input"/><input semantic="OUTPUT" source="#Head-Matrix-animation-output-transform"/><input semantic="INTERPOLATION" source="#Head-Interpolations"/></sampler><channel source="#Head-Matrix-animation-transform" target="Head/matrix"/></animation>
    <animation id="LeftShoulder-anim" name="LeftShoulder"><source id="LeftShoulder-Matrix-animation-input"><float_array id="LeftShoulder-Matrix-animation-input-array" count="25">

0.000000 0.033333 0.066667 0.100000 0.133333 0.166667 0.200000 0.233333 0.266667 0.300000 0.333333 0.366667 0.400000 0.433333 0.466667 0.500000
0.533333 0.566667 0.600000 0.633333 0.666667 0.700000 0.733333 0.766667 0.800000</float_array><technique_common><accessor source="#LeftShoulder-Matrix-animation-input-array" count="25"><param name="TIME" type="float"/></accessor></technique_common></source><source id="LeftShoulder-Matrix-animation-output-transform"><float_array id="LeftShoulder-Matrix-animation-output-transform-array" count="400">

0.988401 0.151822 0.003642 8.163600 -0.151656 0.988016 -0.028723 27.405800 -0.007960 0.027838 0.999581 -9.892500 0.000000 0.000000 0.000000 1.000000
0.990913 0.131999 -0.025841 8.163600 -0.132813 0.990598 -0.032802 27.405800 0.021268 0.035936 0.999128 -9.892500 0.000000 0.000000 0.000000 1.000000
0.993129 0.107471 -0.046316 8.163600 -0.109256 0.993291 -0.037907 27.405800 0.041932 0.042707 0.998207 -9.892500 0.000000 0.000000 0.000000 1.000000
0.994994 0.080554 -0.059146 8.163600 -0.083205 0.995569 -0.043811 27.405800 0.055355 0.048513 0.997287 -9.892500 0.000000 0.000000 0.000000 1.000000
0.996302 0.055033 -0.065985 8.163600 -0.058391 0.997037 -0.050085 27.405800 0.063033 0.053753 0.996563 -9.892500 0.000000 0.000000 0.000000 1.000000
0.997186 0.035435 -0.066068 8.163600 -0.039133 0.997689 -0.055544 27.405800 0.063947 0.057973 0.996268 -9.892500 0.000000 0.000000 0.000000 1.000000
0.998101 0.025829 -0.055929 8.163600 -0.029089 0.997876 -0.058287 27.405800 0.054305 0.059803 0.996732 -9.892500 0.000000 0.000000 0.000000 1.000000
0.999055 0.026834 -0.034199 8.163600 -0.028761 0.997950 -0.057163 27.405800 0.032595 0.058093 0.997779 -9.892500 0.000000 0.000000 0.000000 1.000000
0.999304 0.037097 -0.003824 8.163600 -0.037247 0.997901 -0.052979 27.405800 0.001850 0.053085 0.998588 -9.892500 0.000000 0.000000 0.000000 1.000000
0.998195 0.052680 0.028840 8.163600 -0.051257 0.997529 -0.048043 27.405800 -0.031300 0.046478 0.998429 -9.892500 0.000000 0.000000 0.000000 1.000000
0.996068 0.068176 0.056577 8.163600 -0.065726 0.996863 -0.044084 27.405800 -0.059405 0.040192 0.997425 -9.892500 0.000000 0.000000 0.000000 1.000000
0.994390 0.075644 0.073934 8.163600 -0.072794 0.996523 -0.040522 27.405800 -0.076742 0.034913 0.996440 -9.892500 0.000000 0.000000 0.000000 1.000000
0.993840 0.074047 0.082453 8.163600 -0.071341 0.996827 -0.035302 27.405800 -0.084806 0.029203 0.995969 -9.892500 0.000000 0.000000 0.000000 1.000000
0.993733 0.069498 0.087550 8.163600 -0.067358 0.997359 -0.027173 27.405800 -0.089207 0.021106 0.995789 -9.892500 0.000000 0.000000 0.000000 1.000000
0.992883 0.069276 0.096874 8.163600 -0.068009 0.997551 -0.016329 27.405800 -0.097768 0.009624 0.995163 -9.892500 0.000000 0.000000 0.000000 1.000000
0.989609 0.081866 0.118203 8.163600 -0.081978 0.996626 -0.003916 27.405800 -0.118124 -0.005815 0.992982 -9.892500 0.000000 0.000000 0.000000 1.000000
0.984812 0.100738 0.141409 8.163600 -0.102463 0.994724 0.004950 27.405800 -0.140164 -0.019364 0.989939 -9.892500 0.000000 0.000000 0.000000 1.000000
0.979445 0.123641 0.159376 8.163600 -0.126356 0.991960 0.006977 27.405800 -0.157232 -0.026972 0.987193 -9.892500 0.000000 0.000000 0.000000 1.000000
0.975030 0.147272 0.166215 8.163600 -0.149641 0.988739 0.001749 27.405800 -0.164086 -0.026578 0.986088 -9.892500 0.000000 0.000000 0.000000 1.000000
0.972742 0.167539 0.160321 8.163600 -0.168479 0.985674 -0.007812 27.405800 -0.159333 -0.019412 0.987034 -9.892500 0.000000 0.000000 0.000000 1.000000
0.973176 0.180191 0.143035 8.163600 -0.179554 0.983593 -0.017458 27.405800 -0.143834 -0.008693 0.989564 -9.892500 0.000000 0.000000 0.000000 1.000000
0.976143 0.183295 0.116396 8.163600 -0.181735 0.983055 -0.023969 27.405800 -0.118817 0.002244 0.992914 -9.892500 0.000000 0.000000 0.000000 1.000000
0.980571 0.178102 0.082218 8.163600 -0.176472 0.983942 -0.026742 27.405800 -0.085660 0.011713 0.996256 -9.892500 0.000000 0.000000 0.000000 1.000000
0.984993 0.167041 0.043437 8.163600 -0.165954 0.985748 -0.027560 27.405800 -0.047421 0.019938 0.998676 -9.892500 0.000000 0.000000 0.000000 1.000000
0.988400 0.151826 0.003644 8.163600 -0.151661 0.988015 -0.028722 27.405800 -0.007962 0.027837 0.999581 -9.892500 0.000000 0.000000 0.000000 1.000000</float_array><technique_common><accessor source="#LeftShoulder-Matrix-animation-output-transform-array" count="25" stride="16"><param type="float4x4"/></accessor></technique_common></source><source id="LeftShoulder-Interpolations"><Name_array id="LeftShoulder-Interpolations-array" count="25">
 LINEAR LINEAR LINEAR LINEAR LINEAR LINEAR LINEAR LINEAR LINEAR LINEAR LINEAR
LINEAR LINEAR LINEAR LINEAR LINEAR LINEAR LINEAR LINEAR LINEAR LINEAR LINEAR LINEAR
LINEAR LINEAR</Name_array><technique_common><accessor source="#LeftShoulder-Interpolations-array" count="25"><param type="name"/></accessor></technique_common></source><sampler id="LeftShoulder-Matrix-animation-transform"><input semantic="INPUT" source="#LeftShoulder-Matrix-animation-input"/><input semantic="OUTPUT" source="#LeftShoulder-Matrix-animation-output-transform"/><input semantic="INTERPOLATION" source="#LeftShoulder-Interpolations"/></sampler><channel source="#LeftShoulder-Matrix-animation-transform" target="LeftShoulder/matrix"/></animation>
    <animation id="LeftArm-anim" name="LeftArm"><source id="LeftArm-Matrix-animation-input"><float_array id="LeftArm-Matrix-animation-input-array" count="25">

0.000000 0.033333 0.066667 0.100000 0.133333 0.166667 0.200000 0.233333 0.266667 0.300000 0.333333 0.366667 0.400000 0.433333 0.466667 0.500000
0.533333 0.566667 0.600000 0.633333 0.666667 0.700000 0.733333 0.766667 0.800000</float_array><technique_common><accessor source="#LeftArm-Matrix-animation-input-array" count="25"><param name="TIME" type="float"/></accessor></technique_common></source><source id="LeftArm-Matrix-animation-output-transform"><float_array id="LeftArm-Matrix-animation-output-transform-array" count="400">

0.748446 0.477011 -0.460748 15.826900 -0.397601 0.878780 0.263930 -0.857800 0.530794 -0.014343 0.847379 -0.213200 0.000000 0.000000 0.000000 1.000000
0.778817 0.516508 -0.355898 15.826900 -0.484205 0.855746 0.182333 -0.857800 0.398735 0.030324 0.916565 -0.213200 0.000000 0.000000 0.000000 1.000000
0.792807 0.550684 -0.261158 15.826900 -0.544042 0.832583 0.104034 -0.857800 0.274726 0.059603 0.959674 -0.213200 0.000000 0.000000 0.000000 1.000000
0.794895 0.577803 -0.185167 15.826900 -0.581290 0.812686 0.040547 -0.857800 0.173910 0.075405 0.981870 -0.213200 0.000000 0.000000 0.000000 1.000000
0.793683 0.592344 -0.138551 15.826900 -0.598187 0.801356 -0.000663 -0.857800 0.110637 0.083405 0.990355 -0.213200 0.000000 0.000000 0.000000 1.000000
0.798347 0.587344 -0.132922 15.826900 -0.594110 0.804253 -0.014539 -0.857800 0.098364 0.090578 0.991020 -0.213200 0.000000 0.000000 0.000000 1.000000
0.809645 0.559462 -0.177420 15.826900 -0.567378 0.823425 0.007329 -0.857800 0.150192 0.094730 0.984108 -0.213200 0.000000 0.000000 0.000000 1.000000
0.812501 0.518806 -0.265860 15.826900 -0.520783 0.850904 0.068900 -0.857800 0.261967 0.082474 0.961546 -0.213200 0.000000 0.000000 0.000000 1.000000
0.787568 0.485421 -0.379609 15.826900 -0.456851 0.873349 0.168964 -0.857800 0.413550 0.040354 0.909587 -0.213200 0.000000 0.000000 0.000000 1.000000
