<?xml version="1.0" encoding="utf-8"?>
<COLLADA xmlns="http://www.collada.org/2005/11/COLLADASchema" version="1.4.1">
  <asset><contributor><author>Mixamo</author><authoring_tool>COLLADA Mixamo exporter</authoring_tool><comments></comments></contributor><created>2020-07-03T04:46:20Z</created><modified>2020-07-03T04:46:20Z</modified><revision></revision><title></title><unit meter="0.010000"/><up_axis>Y_UP</up_axis></asset>
  <library_animations>
    <animation id="Hips-anim" name="Hips"><source id="Hips-Matrix-animation-input"><float_array id="Hips-Matrix-animation-input-array" count="115">

0.000000 0.033333 0.066667 0.100000 0.133333 0.166667 0.200000 0.233333 0.266667 0.300000 0.333333 0.366667 0.400000 0.433333 0.466667 0.500000
0.533333 0.566667 0.600000 0.633333 0.666667 0.700000 0.733333 0.766667 0.800000 0.833333 0.866667 0.900000 0.933333 0.966667 1.000000 1.033333
1.066667 1.100000 1.133333 1.166667 1.200000 1.233333 1.266667 1.300000 1.333333 1.366667 1.400000 1.433333 1.466667 1.500000 1.533333 1.566667
1.600000 1.633333 1.666667 1.700000 1.733333 1.766667 1.800000 1.833333 1.866667 1.900000 1.933333 1.966667 2.000000 2.033333 2.066667 2.100000
2.133333 2.166667 2.200000 2.233333 2.266667 2.300000 2.333333 2.366667 2.400000 2.433333 2.466667 2.500000 2.533333 2.566667 2.600000 2.633333
2.666667 2.700000 2.733333 2.766667 2.800000 2.833333 2.866667 2.900000 2.933333 2.966667 3.000000 3.033333 3.066667 3.100000 3.133333 3.166667
3.200000 3.233333 3.266667 3.300000 3.333333 3.366667 3.400000 3.433333 3.466667 3.500000 3.533333 3.566667 3.600000 3.633333 3.666667 3.700000
3.733333 3.766667 3.800000</float_array><technique_common><accessor source="#Hips-Matrix-animation-input-array" count="115"><param name="TIME" type="float"/></accessor></technique_common></source><source id="Hips-Matrix-animation-output-transform"><float_array id="Hips-Matrix-animation-output-transform-array" count="1840">

0.945838 -0.006066 -0.324582 0.551784 -0.059798 0.979462 -0.192560 98.327736 0.319083 0.201540 0.926049 -1.159749 0.000000 0.000000 0.000000 1.000000
0.947391 -0.004372 -0.320048 0.345586 -0.061444 0.978826 -0.195252 98.741615 0.314125 0.204645 0.927063 -1.255728 0.000000 0.000000 0.000000 1.000000
0.948870 -0.003688 -0.315644 0.138776 -0.062115 0.978200 -0.198156 99.133804 0.309494 0.207630 0.927956 -1.348827 0.000000 0.000000 0.000000 1.000000
0.950114 -0.004084 -0.311877 -0.099108 -0.061576 0.977779 -0.200390 99.495796 0.305765 0.209597 0.928750 -1.473214 0.000000 0.000000 0.000000 1.000000
0.950679 -0.005171 -0.310134 -0.413352 -0.060064 0.977866 -0.200425 99.853302 0.304305 0.209167 0.929326 -1.673828 0.000000 0.000000 0.000000 1.000000
0.950059 -0.006813 -0.311996 -0.787570 -0.057704 0.978687 -0.197085 100.177101 0.306689 0.205246 0.929417 -1.900217 0.000000 0.000000 0.000000 1.000000
0.947331 -0.010241 -0.320092 -1.229432 -0.053066 0.980652 -0.188427 100.418488 0.315828 0.195489 0.928459 -2.118528 0.000000 0.000000 0.000000 1.000000
0.941797 -0.016652 -0.335769 -1.723589 -0.044767 0.983665 -0.174351 100.533432 0.333188 0.179235 0.925668 -2.280614 0.000000 0.000000 0.000000 1.000000
0.932924 -0.025866 -0.359143 -2.234337 -0.032714 0.987203 -0.156079 100.500946 0.358584 0.157359 0.920139 -2.330901 0.000000 0.000000 0.000000 1.000000
0.919766 -0.036833 -0.390734 -2.726292 -0.016745 0.990997 -0.132834 100.310211 0.392109 0.128719 0.910869 -2.233562 0.000000 0.000000 0.000000 1.000000
0.903173 -0.047171 -0.426677 -3.150262 0.001931 0.994381 -0.105846 99.991196 0.429272 0.094773 0.898189 -1.948436 0.000000 0.000000 0.000000 1.000000
0.882693 -0.056623 -0.466526 -3.485224 0.022299 0.996643 -0.078774 99.579834 0.469420 0.059131 0.880993 -1.442727 0.000000 0.000000 0.000000 1.000000
0.852488 -0.064392 -0.518765 -3.819829 0.041377 0.997583 -0.055831 99.108757 0.521106 0.026130 0.853092 -0.743288 0.000000 0.000000 0.000000 1.000000
0.807319 -0.068171 -0.586165 -4.275280 0.057290 0.997667 -0.037123 98.638344 0.587328 -0.003612 0.809341 0.097087 0.000000 0.000000 0.000000 1.000000
0.751745 -0.071649 -0.655550 -4.789924 0.072955 0.997014 -0.025310 98.285515 0.655406 -0.028799 0.754728 1.167886 0.000000 0.000000 0.000000 1.000000
0.705627 -0.084372 -0.703542 -5.134015 0.091481 0.995424 -0.027624 98.137566 0.702653 -0.044869 0.710116 2.470085 0.000000 0.000000 0.000000 1.000000
0.677066 -0.106667 -0.728151 -5.204314 0.111937 0.992854 -0.041360 98.162827 0.727359 -0.053503 0.684168 3.775592 0.000000 0.000000 0.000000 1.000000
0.653183 -0.129427 -0.746056 -5.256063 0.134755 0.989425 -0.053667 98.261971 0.745112 -0.065480 0.663717 5.018715 0.000000 0.000000 0.000000 1.000000
0.629065 -0.146928 -0.763341 -5.300682 0.155696 0.985891 -0.061457 98.281822 0.761601 -0.080189 0.643066 6.131717 0.000000 0.000000 0.000000 1.000000
0.605115 -0.160270 -0.779839 -5.348329 0.174222 0.982443 -0.066721 98.170616 0.776841 -0.095492 0.622414 7.130447 0.000000 0.000000 0.000000 1.000000
0.584291 -0.172543 -0.792990 -5.378675 0.190763 0.978959 -0.072449 98.008011 0.788806 -0.108942 0.604911 8.037283 0.000000 0.000000 0.000000 1.000000
0.568168 -0.184985 -0.801852 -5.354986 0.205773 0.975388 -0.079215 97.897835 0.796771 -0.119992 0.592249 8.841760 0.000000 0.000000 0.000000 1.000000
0.557252 -0.197187 -0.806590 -5.288073 0.218855 0.971924 -0.086405 97.817413 0.800982 -0.128377 0.584762 9.500339 0.000000 0.000000 0.000000 1.000000
0.549541 -0.207940 -0.809176 -5.193205 0.228066 0.969083 -0.094144 97.707916 0.803735 -0.132810 0.579975 9.998135 0.000000 0.000000 0.000000 1.000000
0.543125 -0.216230 -0.811332 -5.068480 0.232164 0.967274 -0.102375 97.565720 0.806917 -0.132759 0.575551 10.370839 0.000000 0.000000 0.000000 1.000000
0.538892 -0.221638 -0.812695 -4.891623 0.231025 0.966660 -0.110437 97.460876 0.810076 -0.128239 0.572129 10.685778 0.000000 0.000000 0.000000 1.000000
0.538343 -0.225529 -0.811988 -4.645310 0.227143 0.966698 -0.117905 97.450195 0.811538 -0.120964 0.571642 10.981920 0.000000 0.000000 0.000000 1.000000
0.542215 -0.228499 -0.808574 -4.320271 0.221746 0.967111 -0.124601 97.514748 0.810451 -0.111737 0.575051 11.261147 0.000000 0.000000 0.000000 1.000000
0.552624 -0.229793 -0.801125 -3.928027 0.214135 0.968117 -0.129980 97.588188 0.805452 -0.099719 0.584212 11.515434 0.000000 0.000000 0.000000 1.000000
0.571622 -0.228336 -0.788106 -3.503441 0.203849 0.969905 -0.133155 97.638008 0.794792 -0.084540 0.600965 11.744206 0.000000 0.000000 0.000000 1.000000
0.604119 -0.221943 -0.765364 -3.111740 0.190565 0.972803 -0.131679 97.724586 0.773773 -0.066302 0.629984 11.936898 0.000000 0.000000 0.000000 1.000000
0.652825 -0.209223 -0.728042 -2.819442 0.175475 0.976727 -0.123344 97.948265 0.736904 -0.047231 0.674345 12.069456 0.000000 0.000000 0.000000 1.000000
0.713418 -0.191564 -0.674046 -2.631907 0.159821 0.981037 -0.109655 98.348091 0.682270 -0.029497 0.730505 12.145385 0.000000 0.000000 0.000000 1.000000
0.782879 -0.168995 -0.598783 -2.465203 0.141868 0.985539 -0.092663 98.878426 0.605783 -0.012404 0.795533 12.220284 0.000000 0.000000 0.000000 1.000000
0.853432 -0.142686 -0.501293 -2.298522 0.120425 0.989755 -0.076701 99.416321 0.507101 0.005091 0.861872 12.308894 0.000000 0.000000 0.000000 1.000000
0.916769 -0.115390 -0.382386 -2.196825 0.097277 0.993037 -0.066442 100.017937 0.387391 0.023714 0.921611 12.331726 0.000000 0.000000 0.000000 1.000000
0.965253 -0.091011 -0.244958 -2.244003 0.077096 0.994848 -0.065825 100.832069 0.249687 0.044653 0.967297 12.139508 0.000000 0.000000 0.000000 1.000000
0.992323 -0.069816 -0.102086 -2.375842 0.062734 0.995500 -0.071018 101.726997 0.106585 0.064068 0.992237 11.591344 0.000000 0.000000 0.000000 1.000000
0.998185 -0.050910 0.032161 -2.390006 0.053277 0.995559 -0.077615 102.425850 -0.028067 0.079187 0.996465 10.712619 0.000000 0.000000 0.000000 1.000000
0.989084 -0.030730 0.144112 -2.201511 0.043553 0.995283 -0.086689 102.771919 -0.140768 0.092019 0.985757 9.609024 0.000000 0.000000 0.000000 1.000000
0.972609 -0.004285 0.232408 -1.886742 0.028709 0.994389 -0.101811 102.729073 -0.230668 0.105694 0.967275 8.359772 0.000000 0.000000 0.000000 1.000000
0.954627 0.029596 0.296328 -1.577431 0.007733 0.992250 -0.124014 102.367485 -0.297702 0.120678 0.947001 7.053906 0.000000 0.000000 0.000000 1.000000
0.938805 0.063072 0.338626 -1.415102 -0.011973 0.988474 -0.150919 101.842873 -0.344241 0.137629 0.928739 5.872539 0.000000 0.000000 0.000000 1.000000
0.927747 0.084923 0.363419 -1.542462 -0.017765 0.982712 -0.184286 101.407524 -0.372786 0.164515 0.913217 5.056347 0.000000 0.000000 0.000000 1.000000
0.922050 0.092234 0.375922 -1.955051 -0.005974 0.974470 -0.224438 101.117981 -0.387025 0.204697 0.899061 4.646045 0.000000 0.000000 0.000000 1.000000
0.917145 0.094538 0.387180 -2.521790 0.012159 0.964372 -0.264272 100.728737 -0.398369 0.247083 0.883319 4.529635 0.000000 0.000000 0.000000 1.000000
0.909039 0.100346 0.404448 -3.095043 0.026499 0.954689 -0.296423 99.975204 -0.415867 0.280178 0.865191 4.549298 0.000000 0.000000 0.000000 1.000000
0.894861 0.112769 0.431864 -3.629010 0.032589 0.948468 -0.315193 98.784859 -0.445154 0.296128 0.845072 4.623361 0.000000 0.000000 0.000000 1.000000
0.876584 0.127331 0.464097 -4.129514 0.034709 0.945123 -0.324865 97.311401 -0.479995 0.300880 0.824061 4.796663 0.000000 0.000000 0.000000 1.000000
0.858591 0.143412 0.492193 -4.623121 0.033604 0.942267 -0.333172 95.752365 -0.511558 0.302598 0.804203 5.093966 0.000000 0.000000 0.000000 1.000000
0.844969 0.164634 0.508845 -5.078388 0.026529 0.937367 -0.347332 94.258102 -0.534157 0.306984 0.787678 5.460508 0.000000 0.000000 0.000000 1.000000
0.835483 0.191407 0.515104 -5.468282 0.013979 0.929670 -0.368128 92.845016 -0.549339 0.314765 0.774048 5.784593 0.000000 0.000000 0.000000 1.000000
0.829787 0.218492 0.513532 -5.822983 0.000676 0.919781 -0.392431 91.526779 -0.558080 0.325981 0.763075 5.989649 0.000000 0.000000 0.000000 1.000000
0.827605 0.239675 0.507568 -6.147996 -0.009677 0.910213 -0.414027 90.398605 -0.561227 0.337739 0.755617 6.076059 0.000000 0.000000 0.000000 1.000000
0.829564 0.252365 0.498132 -6.402615 -0.017564 0.903403 -0.428434 89.551590 -0.558135 0.346664 0.753863 6.070992 0.000000 0.000000 0.000000 1.000000
0.837008 0.253677 0.484835 -6.549829 -0.023488 0.901884 -0.431339 89.053963 -0.546686 0.349646 0.760843 5.968967 0.000000 0.000000 0.000000 1.000000
0.848704 0.245446 0.468463 -6.593547 -0.025956 0.904048 -0.426642 88.986771 -0.528230 0.349933 0.773640 5.752352 0.000000 0.000000 0.000000 1.000000
0.863559 0.230389 0.448539 -6.558462 -0.024156 0.907400 -0.419573 89.277634 -0.503669 0.351491 0.789159 5.419422 0.000000 0.000000 0.000000 1.000000
0.880277 0.211999 0.424463 -6.495612 -0.020531 0.910806 -0.412325 89.755455 -0.474015 0.354245 0.806114 4.945398 0.000000 0.000000 0.000000 1.000000
0.898441 0.192275 0.394759 -6.431564 -0.019517 0.915627 -0.401556 90.212868 -0.438661 0.353070 0.826389 4.314268 0.000000 0.000000 0.000000 1.000000
0.917348 0.174310 0.357896 -6.437740 -0.025083 0.922561 -0.385034 90.586082 -0.397296 0.344233 0.850682 3.518360 0.000000 0.000000 0.000000 1.000000
0.934774 0.161396 0.316464 -6.584738 -0.037058 0.930279 -0.364977 90.910408 -0.353305 0.329443 0.875581 2.601348 0.000000 0.000000 0.000000 1.000000
0.950135 0.150872 0.272912 -6.818579 -0.050735 0.938300 -0.342081 91.325058 -0.307684 0.311176 0.899166 1.657183 0.000000 0.000000 0.000000 1.000000
0.964587 0.136292 0.225826 -6.933625 -0.059727 0.946780 -0.316291 91.902748 -0.256915 0.291602 0.921392 0.776772 0.000000 0.000000 0.000000 1.000000
0.977649 0.119006 0.173319 -6.826028 -0.064760 0.954751 -0.290269 92.631760 -0.200021 0.272557 0.941119 0.005529 0.000000 0.000000 0.000000 1.000000
0.987956 0.102254 0.116137 -6.742889 -0.068064 0.961206 -0.267300 93.443192 -0.138964 0.256176 0.956589 -0.730551 0.000000 0.000000 0.000000 1.000000
0.994596 0.086582 0.057299 -6.931948 -0.069756 0.966019 -0.248880 94.313805 -0.076901 0.243538 0.966838 -1.522352 0.000000 0.000000 0.000000 1.000000
0.997394 0.072122 -0.001771 -7.317283 -0.070556 0.970035 -0.232494 95.219284 -0.015050 0.232013 0.972596 -2.318837 0.000000 0.000000 0.000000 1.000000
0.996383 0.060512 -0.059654 -7.711411 -0.072055 0.973797 -0.215703 96.119423 0.045039 0.219221 0.974635 -3.040006 0.000000 0.000000 0.000000 1.000000
0.992125 0.050864 -0.114463 -8.070353 -0.072840 0.977717 -0.196884 96.953262 0.101898 0.203671 0.973722 -3.677619 0.000000 0.000000 0.000000 1.000000
0.985209 0.042482 -0.166007 -8.421684 -0.072129 0.981588 -0.176871 97.727097 0.155436 0.186229 0.970133 -4.249869 0.000000 0.000000 0.000000 1.000000
0.976419 0.032779 -0.213380 -8.825390 -0.067715 0.985027 -0.158545 98.468178 0.204988 0.169256 0.964019 -4.778594 0.000000 0.000000 0.000000 1.000000
0.966476 0.020864 -0.255909 -9.282658 -0.059054 0.988036 -0.142472 99.215736 0.249874 0.152808 0.956145 -5.273171 0.000000 0.000000 0.000000 1.000000
0.956085 0.007527 -0.292994 -9.713319 -0.047274 0.990541 -0.128816 99.901047 0.289253 0.137010 0.947397 -5.681566 0.000000 0.000000 0.000000 1.000000
0.945654 -0.005181 -0.325133 -10.013186 -0.034971 0.992454 -0.117529 100.418304 0.323288 0.122512 0.938337 -5.936179 0.000000 0.000000 0.000000 1.000000
0.935029 -0.016982 -0.354165 -10.165432 -0.022927 0.993866 -0.108185 100.751274 0.353830 0.109276 0.928904 -6.041901 0.000000 0.000000 0.000000 1.000000
0.924177 -0.028376 -0.380909 -10.234745 -0.010996 0.994847 -0.100790 100.958694 0.381806 0.097336 0.919103 -6.054581 0.000000 0.000000 0.000000 1.000000
0.912990 -0.038929 -0.406120 -10.268026 0.000310 0.995503 -0.094729 101.095955 0.407981 0.086361 0.908897 -6.000132 0.000000 0.000000 0.000000 1.000000
0.901643 -0.047999 -0.429808 -10.277243 0.010424 0.995945 -0.089355 101.197220 0.432355 0.076086 0.898488 -5.880815 0.000000 0.000000 0.000000 1.000000
0.890851 -0.055866 -0.450848 -10.278824 0.019381 0.996180 -0.085143 101.280754 0.453883 0.067112 0.888531 -5.721391 0.000000 0.000000 0.000000 1.000000
0.880813 -0.063319 -0.469210 -10.270457 0.027523 0.996189 -0.082765 101.323509 0.472663 0.059987 0.879199 -5.556504 0.000000 0.000000 0.000000 1.000000
0.871369 -0.070395 -0.485552 -10.220135 0.034885 0.996038 -0.081800 101.293442 0.489387 0.054340 0.870372 -5.404184 0.000000 0.000000 0.000000 1.000000
0.862332 -0.076600 -0.500515 -10.093347 0.041532 0.995860 -0.080855 101.200722 0.504637 0.048936 0.861944 -5.257966 0.000000 0.000000 0.000000 1.000000
0.854028 -0.081758 -0.513763 -9.886051 0.047244 0.995682 -0.079914 101.088501 0.518078 0.043976 0.854202 -5.107451 0.000000 0.000000 0.000000 1.000000
0.847278 -0.085870 -0.524162 -9.620111 0.051014 0.995439 -0.080616 100.960609 0.528694 0.041565 0.847795 -4.948691 0.000000 0.000000 0.000000 1.000000
0.842229 -0.089264 -0.531679 -9.314156 0.052448 0.995086 -0.083985 100.789864 0.536563 0.042849 0.842772 -4.781779 0.000000 0.000000 0.000000 1.000000
0.838545 -0.092366 -0.536945 -8.972125 0.052338 0.994623 -0.089361 100.574005 0.542312 0.046830 0.838871 -4.605866 0.000000 0.000000 0.000000 1.000000
0.836734 -0.095281 -0.539256 -8.595154 0.051296 0.994054 -0.096047 100.346870 0.545201 0.052704 0.836647 -4.425601 0.000000 0.000000 0.000000 1.000000
0.837205 -0.097809 -0.538071 -8.184411 0.049689 0.993412 -0.103268 100.130798 0.544627 0.059720 0.836549 -4.250310 0.000000 0.000000 0.000000 1.000000
0.840122 -0.099640 -0.533167 -7.739873 0.047534 0.992725 -0.110623 99.919945 0.540311 0.067593 0.838746 -4.080686 0.000000 0.000000 0.000000 1.000000
0.845182 -0.100474 -0.524950 -7.263082 0.044713 0.992020 -0.117882 99.704117 0.532605 0.076159 0.842930 -3.907807 0.000000 0.000000 0.000000 1.000000
0.851023 -0.100599 -0.515403 -6.762770 0.041121 0.991231 -0.125575 99.484917 0.523516 0.085673 0.847698 -3.730960 0.000000 0.000000 0.000000 1.000000
0.857182 -0.100344 -0.505143 -6.260881 0.036490 0.990204 -0.134778 99.275002 0.513719 0.097097 0.852447 -3.568706 0.000000 0.000000 0.000000 1.000000
0.863775 -0.100110 -0.493833 -5.777798 0.031405 0.988855 -0.145530 99.068329 0.502899 0.110196 0.857292 -3.430715 0.000000 0.000000 0.000000 1.000000
0.870828 -0.099718 -0.481368 -5.301361 0.026684 0.987355 -0.156264 98.851868 0.490863 0.123234 0.862477 -3.292504 0.000000 0.000000 0.000000 1.000000
0.877981 -0.098328 -0.468487 -4.794033 0.022124 0.985966 -0.165477 98.628326 0.478183 0.134921 0.867835 -3.124966 0.000000 0.000000 0.000000 1.000000
0.884774 -0.095216 -0.456189 -4.239813 0.016802 0.984786 -0.172956 98.414673 0.465717 0.145362 0.872913 -2.926759 0.000000 0.000000 0.000000 1.000000
0.891297 -0.090179 -0.444362 -3.657374 0.010388 0.983826 -0.178824 98.210983 0.453301 0.154769 0.877818 -2.710150 0.000000 0.000000 0.000000 1.000000
0.897712 -0.083788 -0.432541 -3.092075 0.003831 0.983197 -0.182505 97.979202 0.440565 0.162181 0.882949 -2.484885 0.000000 0.000000 0.000000 1.000000
0.903804 -0.077270 -0.420913 -2.560893 -0.001981 0.982798 -0.184673 97.712723 0.427942 0.167742 0.888104 -2.246589 0.000000 0.000000 0.000000 1.000000
0.909394 -0.071224 -0.409792 -2.042424 -0.006768 0.982565 -0.185794 97.460800 0.415880 0.171734 0.893057 -1.992715 0.000000 0.000000 0.000000 1.000000
0.914438 -0.065726 -0.399355 -1.503663 -0.010661 0.982472 -0.186106 97.289490 0.404587 0.174440 0.897708 -1.721092 0.000000 0.000000 0.000000 1.000000
0.919043 -0.060444 -0.389495 -0.955401 -0.014204 0.982451 -0.185978 97.192986 0.393902 0.176455 0.902056 -1.438494 0.000000 0.000000 0.000000 1.000000
0.923156 -0.055207 -0.380441 -0.458224 -0.017602 0.982526 -0.185289 97.101555 0.384023 0.177747 0.906053 -1.165343 0.000000 0.000000 0.000000 1.000000
0.926776 -0.050304 -0.372230 -0.049210 -0.020500 0.982741 -0.183850 96.989029 0.375054 0.178018 0.909749 -0.920212 0.000000 0.000000 0.000000 1.000000
0.930099 -0.046306 -0.364379 0.287741 -0.022547 0.982954 -0.182466 96.891441 0.366617 0.177927 0.913200 -0.718303 0.000000 0.000000 0.000000 1.000000
0.933232 -0.043699 -0.356607 0.568982 -0.023611 0.982970 -0.182244 96.818855 0.358498 0.178496 0.916307 -0.575956 0.000000 0.000000 0.000000 1.000000
0.935984 -0.041478 -0.349592 0.788566 -0.024548 0.982928 -0.182346 96.739960 0.351187 0.179254 0.918986 -0.499653 0.000000 0.000000 0.000000 1.000000
0.938121 -0.038783 -0.344129 0.951804 -0.026142 0.982943 -0.182043 96.659363 0.345320 0.179774 0.921106 -0.478823 0.000000 0.000000 0.000000 1.000000
0.939579 -0.035932 -0.340440 1.085190 -0.028507 0.982809 -0.182409 96.763443 0.341142 0.181093 0.922403 -0.522747 0.000000 0.000000 0.000000 1.000000
0.940471 -0.033613 -0.338206 1.118729 -0.031227 0.982343 -0.184467 96.902794 0.338435 0.184047 0.922816 -0.614364 0.000000 0.000000 0.000000 1.000000
0.942092 -0.028006 -0.334182 1.092806 -0.037701 0.981345 -0.188524 97.102295 0.333228 0.190206 0.923461 -0.716841 0.000000 0.000000 0.000000 1.000000
0.943471 -0.021696 -0.330744 0.985452 -0.044459 0.980554 -0.191145 97.367516 0.328460 0.195044 0.924160 -0.845734 0.000000 0.000000 0.000000 1.000000
0.944561 -0.015236 -0.327981 0.822187 -0.050893 0.980055 -0.192097 97.710533 0.324366 0.198140 0.924947 -0.982889 0.000000 0.000000 0.000000 1.000000
0.945434 -0.009015 -0.325688 0.641710 -0.056931 0.979668 -0.192381 98.114120 0.320800 0.200425 0.925698 -1.105356 0.000000 0.000000 0.000000 1.000000</float_array><technique_common><accessor source="#Hips-Matrix-animation-output-transform-array" count="115" stride="16"><param type="float4x4"/></accessor></technique_common></source><source id="Hips-Interpolations"><Name_array id="Hips-Interpolations-array" count="115">
 LINEAR LINEAR LINEAR LINEAR LINEAR LINEAR LINEAR LINEAR LINEAR LINEAR LINEAR
LINEAR LINEAR LINEAR LINEAR LINEAR LINEAR LINEAR LINEAR LINEAR LINEAR LINEAR LINEAR
LINEAR LINEAR LINEAR LINEAR LINEAR LINEAR LINEAR LINEAR LINEAR LINEAR LINEAR LINEAR
LINEAR LINEAR LINEAR LINEAR LINEAR LINEAR LINEAR LINEAR LINEAR LINEAR LINEAR LINEAR
LINEAR LINEAR LINEAR LINEAR LINEAR LINEAR LINEAR LINEAR LINEAR LINEAR LINEAR LINEAR
LINEAR LINEAR LINEAR LINEAR LINEAR LINEAR LINEAR LINEAR LINEAR LINEAR LINEAR LINEAR
LINEAR LINEAR LINEAR LINEAR LINEAR LINEAR LINEAR LINEAR LINEAR LINEAR LINEAR LINEAR
LINEAR LINEAR LINEAR LINEAR LINEAR LINEAR LINEAR LINEAR LINEAR LINEAR LINEAR LINEAR
LINEAR LINEAR LINEAR LINEAR LINEAR LINEAR LINEAR LINEAR LINEAR LINEAR LINEAR LINEAR
LINEAR LINEAR LINEAR LINEAR LINEAR LINEAR LINEAR LINEAR</Name_array><technique_common><accessor source="#Hips-Interpolations-array" count="115"><param type="name"/></accessor></technique_common></source><sampler id="Hips-Matrix-animation-transform"><input semantic="INPUT" source="#Hips-Matrix-animation-input"/><input semantic="OUTPUT" source="#Hips-Matrix-animation-output-transform"/><input semantic="INTERPOLATION" source="#Hips-Interpolations"/></sampler><channel source="#Hips-Matrix-animation-transform" target="Hips/matrix"/></animation>
    <animation id="Spine-anim" name="Spine"><source id="Spine-Matrix-animation-input"><float_array id="Spine-Matrix-animation-input-array" count="115">

0.000000 0.033333 0.066667 0.100000 0.133333 0.166667 0.200000 0.233333 0.266667 0.300000 0.333333 0.366667 0.400000 0.433333 0.466667 0.500000
0.533333 0.566667 0.600000 0.633333 0.666667 0.700000 0.733333 0.766667 0.800000 0.833333 0.866667 0.900000 0.933333 0.966667 1.000000 1.033333
1.066667 1.100000 1.133333 1.166667 1.200000 1.233333 1.266667 1.300000 1.333333 1.366667 1.400000 1.433333 1.466667 1.500000 1.533333 1.566667
1.600000 1.633333 1.666667 1.700000 1.733333 1.766667 1.800000 1.833333 1.866667 1.900000 1.933333 1.966667 2.000000 2.033333 2.066667 2.100000
2.133333 2.166667 2.200000 2.233333 2.266667 2.300000 2.333333 2.366667 2.400000 2.433333 2.466667 2.500000 2.533333 2.566667 2.600000 2.633333
2.666667 2.700000 2.733333 2.766667 2.800000 2.833333 2.866667 2.900000 2.933333 2.966667 3.000000 3.033333 3.066667 3.100000 3.133333 3.166667
3.200000 3.233333 3.266667 3.300000 3.333333 3.366667 3.400000 3.433333 3.466667 3.500000 3.533333 3.566667 3.600000 3.633333 3.666667 3.700000
3.733333 3.766667 3.800000</float_array><technique_common><accessor source="#Spine-Matrix-animation-input-array" count="115"><param name="TIME" type="float"/></accessor></technique_common></source><source id="Spine-Matrix-animation-output-transform"><float_array id="Spine-Matrix-animation-output-transform-array" count="1840">

0.999445 -0.031790 -0.009924 0.000000 0.031349 0.998634 -0.041797 9.635200 0.011240 0.041463 0.999077 0.000000 0.000000 0.000000 0.000000 1.000000
0.999524 -0.030071 -0.006855 0.000000 0.029772 0.998751 -0.040138 9.635200 0.008054 0.039915 0.999171 0.000000 0.000000 0.000000 0.000000 1.000000
0.999591 -0.028455 -0.002736 0.000000 0.028331 0.998877 -0.037976 9.635200 0.003814 0.037883 0.999275 0.000000 0.000000 0.000000 0.000000 1.000000
0.999625 -0.027253 0.002753 0.000000 0.027333 0.999003 -0.035304 9.635200 -0.001788 0.035366 0.999373 0.000000 0.000000 0.000000 0.000000 1.000000
0.999583 -0.027280 0.009473 0.000000 0.027570 0.999109 -0.031952 9.635200 -0.008593 0.032200 0.999445 0.000000 0.000000 0.000000 0.000000 1.000000
0.999451 -0.029186 0.015664 -0.000000 0.029610 0.999182 -0.027539 9.635200 -0.014848 0.027988 0.999498 0.000000 0.000000 0.000000 0.000000 1.000000
0.999256 -0.033908 0.018350 0.000000 0.034294 0.999189 -0.021104 9.635200 -0.017620 0.021718 0.999609 0.000000 0.000000 0.000000 0.000000 1.000000
0.999018 -0.040869 0.017124 0.000000 0.041074 0.999086 -0.011803 9.635200 -0.016626 0.012495 0.999784 0.000000 0.000000 0.000000 0.000000 1.000000
0.998756 -0.047517 0.015128 0.000000 0.047513 0.998870 0.000642 9.635200 -0.015142 0.000077 0.999885 -0.000000 0.000000 0.000000 0.000000 1.000000
0.998585 -0.051249 0.014224 -0.000000 0.051032 0.998580 0.015263 9.635200 -0.014986 -0.014516 0.999782 0.000000 0.000000 0.000000 0.000000 1.000000
0.998473 -0.054298 0.010126 -0.000000 0.053981 0.998112 0.029294 9.635200 -0.011698 -0.028703 0.999520 0.000000 0.000000 0.000000 0.000000 1.000000
0.998263 -0.058855 -0.002532 -0.000000 0.058909 0.997332 0.043116 9.635200 -0.000012 -0.043190 0.999067 -0.000000 0.000000 0.000000 0.000000 1.000000
0.997617 -0.064969 -0.023240 0.000000 0.066248 0.996039 0.059301 9.635200 0.019295 -0.060700 0.997970 -0.000000 0.000000 0.000000 0.000000 1.000000
0.996267 -0.073116 -0.045883 0.000000 0.076509 0.994078 0.077174 9.635200 0.039968 -0.080396 0.995961 -0.000000 0.000000 0.000000 0.000000 1.000000
0.993813 -0.085168 -0.071286 0.000000 0.091796 0.991183 0.095545 9.635200 0.062520 -0.101498 0.992869 -0.000000 0.000000 0.000000 0.000000 1.000000
0.990267 -0.098465 -0.098369 0.000000 0.109253 0.987788 0.111082 9.635200 0.086230 -0.120748 0.988931 0.000000 0.000000 0.000000 0.000000 1.000000
0.986616 -0.109465 -0.120853 0.000000 0.124108 0.984845 0.121150 9.635200 0.105760 -0.134527 0.985250 -0.000000 0.000000 0.000000 0.000000 1.000000
0.983555 -0.118265 -0.136503 0.000000 0.135894 0.982419 0.128004 9.635200 0.118965 -0.144449 0.982335 -0.000000 0.000000 0.000000 0.000000 1.000000
0.980994 -0.124513 -0.148820 0.000000 0.144363 0.980816 0.130992 9.635200 0.129655 -0.149987 0.980150 -0.000000 0.000000 0.000000 0.000000 1.000000
0.978371 -0.128976 -0.161726 -0.000000 0.150787 0.979882 0.130743 9.635200 0.141610 -0.152301 0.978136 0.000000 0.000000 0.000000 0.000000 1.000000
0.975145 -0.134804 -0.175840 0.000000 0.158356 0.979106 0.127573 9.635200 0.154969 -0.152248 0.976117 0.000000 0.000000 0.000000 0.000000 1.000000
0.971406 -0.143488 -0.189161 0.000000 0.168273 0.978141 0.122169 9.635200 0.167496 -0.150506 0.974317 0.000000 0.000000 0.000000 0.000000 1.000000
0.967696 -0.151905 -0.201221 0.000000 0.177534 0.977249 0.116040 9.635200 0.179016 -0.148015 0.972648 0.000000 0.000000 0.000000 0.000000 1.000000
0.964577 -0.155795 -0.212882 -0.000000 0.182371 0.976898 0.111404 9.635200 0.190608 -0.146281 0.970706 0.000000 0.000000 0.000000 0.000000 1.000000
0.962132 -0.155474 -0.223898 0.000000 0.183108 0.977104 0.108348 9.635200 0.201927 -0.145243 0.968571 -0.000000 0.000000 0.000000 0.000000 1.000000
0.960351 -0.154416 -0.232123 0.000000 0.182772 0.977429 0.105957 9.635200 0.210523 -0.144181 0.966898 0.000000 0.000000 0.000000 0.000000 1.000000
0.959147 -0.155234 -0.236513 0.000000 0.183807 0.977460 0.103855 9.635200 0.215061 -0.143085 0.966062 0.000000 0.000000 0.000000 0.000000 1.000000
0.958560 -0.157008 -0.237721 0.000000 0.185482 0.977293 0.102442 9.635200 0.216238 -0.142289 0.965916 0.000000 0.000000 0.000000 0.000000 1.000000
0.958590 -0.157683 -0.237151 0.000000 0.186092 0.977174 0.102477 9.635200 0.215579 -0.142366 0.966053 0.000000 0.000000 0.000000 0.000000 1.000000
0.958894 -0.157288 -0.236184 -0.000000 0.185862 0.977067 0.103905 9.635200 0.214425 -0.143532 0.966137 0.000000 0.000000 0.000000 0.000000 1.000000
0.959423 -0.156439 -0.234593 0.000000 0.185427 0.976821 0.106950 9.635200 0.212424 -0.146110 0.966193 -0.000000 0.000000 0.000000 0.000000 1.000000
0.960475 -0.153652 -0.232116 -0.000000 0.183379 0.976603 0.112330 9.635200 0.209426 -0.150456 0.966180 0.000000 0.000000 0.000000 0.000000 1.000000
0.962169 -0.147118 -0.229319 0.000000 0.177907 0.976722 0.119846 9.635200 0.206350 -0.156109 0.965945 0.000000 0.000000 0.000000 0.000000 1.000000
0.964637 -0.138349 -0.224354 0.000000 0.169808 0.977191 0.127523 9.635200 0.201594 -0.161110 0.966128 -0.000000 0.000000 0.000000 0.000000 1.000000
0.968919 -0.128460 -0.211412 0.000000 0.158899 0.978176 0.133878 9.635200 0.189600 -0.163310 0.968185 0.000000 0.000000 0.000000 0.000000 1.000000
0.975709 -0.115270 -0.186293 0.000000 0.142482 0.979853 0.139955 9.635200 0.166407 -0.163098 0.972475 0.000000 0.000000 0.000000 0.000000 1.000000
0.984283 -0.094700 -0.149061 0.000000 0.116595 0.982426 0.145753 9.635200 0.132638 -0.160842 0.978027 -0.000000 0.000000 0.000000 0.000000 1.000000
0.991917 -0.069843 -0.105937 0.000000 0.085033 0.985561 0.146420 9.635200 0.094181 -0.154244 0.983534 -0.000000 0.000000 0.000000 0.000000 1.000000
0.997158 -0.048311 -0.057803 0.000000 0.055853 0.989006 0.136921 9.635200 0.050553 -0.139760 0.988894 0.000000 0.000000 0.000000 0.000000 1.000000
0.999269 -0.037450 -0.007646 0.000000 0.038092 0.992224 0.118497 9.635200 0.003149 -0.118701 0.992925 0.000000 0.000000 0.000000 0.000000 1.000000
0.998462 -0.039312 0.039088 -0.000000 0.035230 0.994350 0.100138 9.635200 -0.042804 -0.098607 0.994205 0.000000 0.000000 0.000000 0.000000 1.000000
0.995281 -0.056912 0.078597 0.000000 0.049873 0.994801 0.088786 9.635200 -0.083241 -0.084447 0.992945 0.000000 0.000000 0.000000 0.000000 1.000000
0.990231 -0.083340 0.111791 0.000000 0.074163 0.993712 0.083882 9.635200 -0.118079 -0.074771 0.990185 0.000000 0.000000 0.000000 0.000000 1.000000
0.984261 -0.106902 0.140721 0.000000 0.096590 0.992248 0.078192 9.635200 -0.147988 -0.063369 0.986957 -0.000000 0.000000 0.000000 0.000000 1.000000
0.979991 -0.112150 0.164440 0.000000 0.102366 0.992499 0.066840 9.635200 -0.170703 -0.048670 0.984120 -0.000000 0.000000 0.000000 0.000000 1.000000
0.977474 -0.107024 0.181907 0.000000 0.099030 0.993698 0.052501 9.635200 -0.186380 -0.033304 0.981913 0.000000 0.000000 0.000000 0.000000 1.000000
0.974880 -0.103276 0.197340 0.000000 0.097573 0.994486 0.038432 9.635200 -0.200221 -0.018211 0.979581 0.000000 0.000000 0.000000 0.000000 1.000000
0.969100 -0.107635 0.221944 0.000000 0.104528 0.994189 0.025737 9.635200 -0.223424 -0.001743 0.974720 0.000000 0.000000 0.000000 0.000000 1.000000
0.960082 -0.115600 0.254713 0.000000 0.116183 0.993145 0.012808 9.635200 -0.254448 0.017296 0.966932 0.000000 0.000000 0.000000 0.000000 1.000000
0.953583 -0.120265 0.276072 0.000000 0.126706 0.991925 -0.005544 9.635200 -0.273176 0.040266 0.961121 -0.000000 0.000000 0.000000 0.000000 1.000000
0.956074 -0.116546 0.268961 0.000000 0.130080 0.990954 -0.032995 9.635200 -0.262683 0.066532 0.962586 0.000000 0.000000 0.000000 0.000000 1.000000
0.964508 -0.106272 0.241723 0.000000 0.125477 0.989935 -0.065452 9.635200 -0.232334 0.093460 0.968135 -0.000000 0.000000 0.000000 0.000000 1.000000
0.973471 -0.091692 0.209634 0.000000 0.113858 0.988827 -0.096216 9.635200 -0.198470 0.117532 0.973034 -0.000000 0.000000 0.000000 0.000000 1.000000
0.981022 -0.075526 0.178582 0.000000 0.098525 0.987424 -0.123636 9.635200 -0.166999 0.138884 0.976126 0.000000 0.000000 0.000000 0.000000 1.000000
0.987976 -0.057694 0.143441 0.000000 0.079299 0.985533 -0.149790 9.635200 -0.132724 0.159364 0.978257 0.000000 0.000000 0.000000 0.000000 1.000000
0.994022 -0.037923 0.102380 0.000000 0.055364 0.983311 -0.173304 9.635200 -0.094099 0.177936 0.979533 0.000000 0.000000 0.000000 0.000000 1.000000
0.997835 -0.017865 0.063300 0.000000 0.029656 0.981229 -0.190554 9.635200 -0.058708 0.192018 0.979634 0.000000 0.000000 0.000000 0.000000 1.000000
0.999407 -0.000905 0.034419 -0.000000 0.007687 0.980285 -0.197439 9.635200 -0.033562 0.197586 0.979711 -0.000000 0.000000 0.000000 0.000000 1.000000
0.999787 0.010888 0.017539 0.000000 -0.007287 0.981044 -0.193647 9.635200 -0.019315 0.193478 0.980914 0.000000 0.000000 0.000000 0.000000 1.000000
0.999793 0.018399 0.008668 -0.000000 -0.016499 0.982923 -0.183277 9.635200 -0.011892 0.183096 0.983023 0.000000 0.000000 0.000000 0.000000 1.000000
0.999763 0.021443 0.003635 0.000000 -0.020526 0.985534 -0.168232 9.635200 -0.007190 0.168117 0.985741 -0.000000 0.000000 0.000000 0.000000 1.000000
0.999808 0.019592 -0.000743 0.000000 -0.019482 0.988481 -0.150085 9.635200 -0.002206 0.150071 0.988673 0.000000 0.000000 0.000000 0.000000 1.000000
0.999891 0.014428 -0.003278 -0.000000 -0.014735 0.991121 -0.132147 9.635200 0.001342 0.132181 0.991225 0.000000 0.000000 0.000000 0.000000 1.000000
0.999958 0.009006 0.001885 0.000000 -0.008720 0.992941 -0.118290 9.635200 -0.002937 0.118269 0.992977 -0.000000 0.000000 0.000000 0.000000 1.000000
0.999891 0.003597 0.014303 0.000000 -0.002060 0.994355 -0.106087 9.635200 -0.014604 0.106046 0.994254 -0.000000 0.000000 0.000000 0.000000 1.000000
0.999645 -0.001007 0.026643 -0.000000 0.003494 0.995616 -0.093468 9.635200 -0.026432 0.093528 0.995266 -0.000000 0.000000 0.000000 0.000000 1.000000
0.999574 -0.002322 0.029082 0.000000 0.004670 0.996710 -0.080912 9.635200 -0.028799 0.081014 0.996297 0.000000 0.000000 0.000000 0.000000 1.000000
0.999762 -0.003403 0.021554 0.000000 0.004892 0.997576 -0.069409 9.635200 -0.021266 0.069498 0.997355 0.000000 0.000000 0.000000 0.000000 1.000000
0.999924 -0.009538 0.007811 0.000000 0.009989 0.998150 -0.059966 9.635200 -0.007224 0.060039 0.998170 -0.000000 0.000000 0.000000 0.000000 1.000000
0.999799 -0.018835 -0.006901 0.000000 0.018451 0.998475 -0.052032 9.635200 0.007871 0.051894 0.998622 -0.000000 0.000000 0.000000 0.000000 1.000000
0.999395 -0.027944 -0.020695 0.000000 0.026977 0.998595 -0.045602 9.635200 0.021940 0.045016 0.998745 -0.000000 0.000000 0.000000 0.000000 1.000000
0.998911 -0.032319 -0.033638 0.000000 0.030917 0.998665 -0.041385 9.635200 0.034930 0.040300 0.998577 0.000000 0.000000 0.000000 0.000000 1.000000
0.998446 -0.031913 -0.045683 -0.000000 0.030197 0.998831 -0.037759 9.635200 0.046835 0.036320 0.998242 -0.000000 0.000000 0.000000 0.000000 1.000000
0.997974 -0.029856 -0.056188 0.000000 0.027971 0.999029 -0.034052 9.635200 0.057150 0.032411 0.997839 0.000000 0.000000 0.000000 0.000000 1.000000
0.997448 -0.031148 -0.064245 0.000000 0.029243 0.999111 -0.030373 9.635200 0.065134 0.028417 0.997472 0.000000 0.000000 0.000000 0.000000 1.000000
0.996902 -0.035631 -0.070127 0.000000 0.033824 0.999069 -0.026791 9.635200 0.071016 0.024336 0.997178 0.000000 0.000000 0.000000 0.000000 1.000000
0.996389 -0.041142 -0.074276 0.000000 0.039530 0.998953 -0.023041 9.635200 0.075147 0.020022 0.996971 0.000000 0.000000 0.000000 0.000000 1.000000
0.995868 -0.046687 -0.077892 0.000000 0.045331 0.998790 -0.019089 9.635200 0.078689 0.015479 0.996779 0.000000 0.000000 0.000000 0.000000 1.000000
0.995238 -0.052593 -0.082073 0.000000 0.051511 0.998556 -0.015248 9.635200 0.082756 0.010948 0.996510 0.000000 0.000000 0.000000 0.000000 1.000000
0.994491 -0.058138 -0.087224 0.000000 0.057346 0.998287 -0.011563 9.635200 0.087747 0.006497 0.996122 -0.000000 0.000000 0.000000 0.000000 1.000000
0.993767 -0.062684 -0.092183 0.000000 0.062226 0.998031 -0.007836 9.635200 0.092492 0.002051 0.995711 0.000000 0.000000 0.000000 0.000000 1.000000
0.993222 -0.066202 -0.095534 0.000000 0.066086 0.997804 -0.004381 9.635200 0.095614 -0.001963 0.995417 0.000000 0.000000 0.000000 0.000000 1.000000
0.992963 -0.068544 -0.096573 0.000000 0.068667 0.997638 -0.002057 9.635200 0.096486 -0.004589 0.995324 0.000000 0.000000 0.000000 0.000000 1.000000
0.992875 -0.069884 -0.096519 0.000000 0.070125 0.997538 -0.000896 9.635200 0.096344 -0.005878 0.995331 0.000000 0.000000 0.000000 0.000000 1.000000
0.992860 -0.070746 -0.096037 -0.000000 0.071015 0.997475 -0.000621 9.635200 0.095839 -0.006203 0.995378 -0.000000 0.000000 0.000000 0.000000 1.000000
0.992825 -0.072289 -0.095247 0.000000 0.072537 0.997365 -0.000857 9.635200 0.095058 -0.006058 0.995453 -0.000000 0.000000 0.000000 0.000000 1.000000
0.992728 -0.074836 -0.094294 0.000000 0.075045 0.997179 -0.001334 9.635200 0.094128 -0.005752 0.995543 -0.000000 0.000000 0.000000 0.000000 1.000000
0.992610 -0.077681 -0.093229 0.000000 0.077845 0.996964 -0.001879 9.635200 0.093092 -0.005393 0.995643 -0.000000 0.000000 0.000000 0.000000 1.000000
0.992560 -0.079989 -0.091796 0.000000 0.080110 0.996783 -0.002369 9.635200 0.091690 -0.005003 0.995775 -0.000000 0.000000 0.000000 0.000000 1.000000
0.992602 -0.081806 -0.089720 -0.000000 0.081881 0.996638 -0.002845 9.635200 0.089651 -0.004523 0.995963 0.000000 0.000000 0.000000 0.000000 1.000000
0.992705 -0.083643 -0.086839 0.000000 0.083647 0.996489 -0.003596 9.635200 0.086835 -0.003694 0.996216 0.000000 0.000000 0.000000 0.000000 1.000000
0.992801 -0.085703 -0.083677 0.000000 0.085613 0.996317 -0.004672 9.635200 0.083770 -0.002525 0.996482 0.000000 0.000000 0.000000 0.000000 1.000000
0.992888 -0.087473 -0.080762 -0.000000 0.087309 0.996166 -0.005562 9.635200 0.080939 -0.001528 0.996718 -0.000000 0.000000 0.000000 0.000000 1.000000
0.993062 -0.087740 -0.078295 0.000000 0.087576 0.996142 -0.005529 9.635200 0.078478 -0.001366 0.996915 0.000000 0.000000 0.000000 0.000000 1.000000
0.993333 -0.086580 -0.076117 0.000000 0.086453 0.996244 -0.004963 9.635200 0.076261 -0.001650 0.997087 0.000000 0.000000 0.000000 0.000000 1.000000
0.993534 -0.085555 -0.074639 0.000000 0.085411 0.996333 -0.005130 9.635200 0.074804 -0.001279 0.997197 -0.000000 0.000000 0.000000 0.000000 1.000000
0.993565 -0.085920 -0.073800 -0.000000 0.085668 0.996302 -0.006574 9.635200 0.074092 0.000210 0.997251 0.000000 0.000000 0.000000 0.000000 1.000000
0.993581 -0.087125 -0.072154 0.000000 0.086711 0.996194 -0.008863 9.635200 0.072652 0.002549 0.997354 0.000000 0.000000 0.000000 0.000000 1.000000
0.993877 -0.086885 -0.068258 0.000000 0.086294 0.996203 -0.011564 9.635200 0.069003 0.005603 0.997601 0.000000 0.000000 0.000000 0.000000 1.000000
0.994406 -0.084745 -0.063055 0.000000 0.084007 0.996363 -0.014283 9.635200 0.064036 0.008906 0.997908 -0.000000 0.000000 0.000000 0.000000 1.000000
0.995015 -0.081691 -0.057205 0.000000 0.080846 0.996583 -0.016945 9.635200 0.058394 0.012235 0.998219 -0.000000 0.000000 0.000000 0.000000 1.000000
0.995518 -0.079577 -0.051102 0.000000 0.078645 0.996702 -0.020005 9.635200 0.052526 0.015897 0.998493 0.000000 0.000000 0.000000 0.000000 1.000000
0.995879 -0.078717 -0.045048 0.000000 0.077719 0.996699 -0.023479 9.635200 0.046748 0.019881 0.998709 0.000000 0.000000 0.000000 0.000000 1.000000
0.996209 -0.077724 -0.039076 0.000000 0.076705 0.996690 -0.026936 9.635200 0.041040 0.023836 0.998873 0.000000 0.000000 0.000000 0.000000 1.000000
0.996595 -0.075332 -0.033510 0.000000 0.074326 0.996773 -0.030308 9.635200 0.035685 0.027714 0.998979 0.000000 0.000000 0.000000 0.000000 1.000000
0.996994 -0.071782 -0.029147 -0.000000 0.070794 0.996924 -0.033632 9.635200 0.031472 0.031467 0.999009 0.000000 0.000000 0.000000 0.000000 1.000000
0.997360 -0.067405 -0.026996 0.000000 0.066396 0.997120 -0.036654 9.635200 0.029389 0.034765 0.998963 0.000000 0.000000 0.000000 0.000000 1.000000
0.997683 -0.062794 -0.026193 -0.000000 0.061733 0.997311 -0.039501 9.635200 0.028603 0.037793 0.998876 0.000000 0.000000 0.000000 0.000000 1.000000
0.997944 -0.058720 -0.025686 0.000000 0.057603 0.997444 -0.042271 9.635200 0.028102 0.040705 0.998776 0.000000 0.000000 0.000000 0.000000 1.000000
0.998149 -0.055614 -0.024615 0.000000 0.054486 0.997530 -0.044328 9.635200 0.027020 0.042905 0.998714 0.000000 0.000000 0.000000 0.000000 1.000000
0.998350 -0.052763 -0.022670 0.000000 0.051700 0.997642 -0.045149 9.635200 0.024998 0.043902 0.998723 0.000000 0.000000 0.000000 0.000000 1.000000
0.998692 -0.047556 -0.018774 0.000000 0.046695 0.997943 -0.043928 9.635200 0.020825 0.042994 0.998858 0.000000 0.000000 0.000000 0.000000 1.000000
0.998999 -0.041983 -0.015432 0.000000 0.041287 0.998225 -0.042920 9.635200 0.017206 0.042240 0.998959 0.000000 0.000000 0.000000 0.000000 1.000000
0.999229 -0.037055 -0.012951 0.000000 0.036474 0.998431 -0.042484 9.635200 0.014504 0.041979 0.999013 0.000000 0.000000 0.000000 0.000000 1.000000
0.999384 -0.033373 -0.010894 0.000000 0.032887 0.998572 -0.042093 9.635200 0.012283 0.041709 0.999054 0.000000 0.000000 0.000000 0.000000 1.000000</float_array><technique_common><accessor source="#Spine-Matrix-animation-output-transform-array" count="115" stride="16"><param type="float4x4"/></accessor></technique_common></source><source id="Spine-Interpolations"><Name_array id="Spine-Interpolations-array" count="115">
 LINEAR LINEAR LINEAR LINEAR LINEAR LINEAR LINEAR LINEAR LINEAR LINEAR LINEAR
LINEAR LINEAR LINEAR LINEAR LINEAR LINEAR LINEAR LINEAR LINEAR LINEAR LINEAR LINEAR
LINEAR LINEAR LINEAR LINEAR LINEAR LINEAR LINEAR LINEAR LINEAR LINEAR LINEAR LINEAR
LINEAR LINEAR LINEAR LINEAR LINEAR LINEAR LINEAR LINEAR LINEAR LINEAR LINEAR LINEAR
LINEAR LINEAR LINEAR LINEAR LINEAR LINEAR LINEAR LINEAR LINEAR LINEAR LINEAR LINEAR
